668
1 1
2 1
3 2
5 1
6 5
11 6
17 11
28 17
45 11
56 5
61 6
67 3
70 1
71 45
116 6
122 2
124 17
141 6
147 2
149 45
194 28
222 1
223 6
229 1
230 61
291 3
294 1
295 28
323 6
329 3
332 1
333 11
344 3
347 1
348 71
419 11
430 3
433 1
434 17
451 1
452 17
469 28
497 11
508 17
525 6
531 3
534 1
535 61
596 1
597 17
614 6
620 3
623 1
624 17
641 2
643 17
660 6
666 6
672 3
675 71
746 3
749 56
805 1
806 28
834 6
840 56
896 28
924 6
930 1
931 6
937 2
939 56
995 1
996 3
999 1
1000 17
1017 2
1019 28
1047 11
1058 2
1060 3
1063 17
1080 6
1086 1
1087 71
1158 28
1186 11
1197 11
1208 3
1211 28
1239 11
1250 2
1252 17
1269 5
1274 17
1291 6
1297 11
1308 61
1369 3
1372 1
1373 11
1384 3
1387 71
1458 6
1464 1
1465 28
1493 1
1494 17
1511 5
1516 28
1544 11
1555 3
1558 45
1603 3
1606 1
1607 11
1618 3
1621 5
1626 28
1654 6
1660 1
1661 3
1664 45
1709 2
1711 116
1827 28
1855 11
1866 17
1883 1
1884 17
1901 6
1907 3
1910 17
1927 1
1928 45
1973 3
1976 71
2047 11
2058 5
2063 17
2080 2
2082 28
2110 6
2116 1
2117 45
2162 5
2167 28
2195 3
2198 1
2199 6
2205 2
2207 1
2208 45
2253 6
2259 3
2262 1
2263 11
2274 3
2277 71
2348 11
2359 3
2362 1
2363 11
2374 2
2376 11
2387 3
2390 28
2418 11
2429 3
2432 28
2460 11
2471 28
2499 6
2505 1
2506 28
2534 6
2540 1
2541 45
2586 6
2592 3
2595 70
2665 28
2693 1
2694 28
2722 11
2733 1
2734 3
2737 28
2765 11
2776 3
2779 3
2782 1
2783 56
2839 45
2884 6
2890 28
2918 5
2923 28
2951 3
2954 1
2955 28
2983 3
2986 1
2987 28
3015 11
3026 5
3031 2
3033 17
3050 5
3055 17
3072 1
3073 71
3144 11
3155 2
3157 71
3228 2
3230 6
3236 2
3238 28
3266 1
3267 17
3284 6
3290 3
3293 1
3294 6
3300 1
3301 28
3329 2
3331 45
3376 6
3382 3
3385 1
3386 11
3397 45
3442 17
3459 11
3470 5
3475 71
3546 6
3552 1
3553 56
3609 3
3612 1
3613 3
3616 1
3617 6
3623 71
3694 28
3722 3
3725 17
3742 6
3748 5
3753 17
3770 6
3776 1
3777 61
3838 5
3843 28
3871 2
3873 45
3918 5
3923 17
3940 6
3946 2
3948 6
3954 3
3957 28
3985 11
3996 28
4024 5
4029 45
4074 3
4077 1
4078 6
4084 3
4087 56
4143 1
4144 3
4147 17
4164 2
4166 28
4194 11
4205 3
4208 61
4269 11
4280 3
4283 1
4284 28
4312 1
4313 71
4384 6
4390 2
4392 28
4420 11
4431 28
4459 3
4462 28
4490 2
4492 17
4509 6
4515 28
4543 56
4599 17
4616 6
4622 3
4625 3
4628 28
4656 6
4662 67
4729 28
4757 5
4762 28
4790 5
4795 17
4812 3
4815 1
4816 1
4817 45
4862 6
4868 3
4871 28
4899 11
4910 5
4915 17
4932 2
4934 28
4962 2
4964 67
5031 2
5033 6
5039 3
5042 1
5043 17
5060 1
5061 28
5089 6
5095 2
5097 45
5142 1
5143 28
5171 6
5177 3
5180 3
5183 3
5186 1
5187 45
5232 71
5303 11
5314 2
5316 17
5333 45
5378 2
5380 11
5391 3
5394 1
5395 61
5456 6
5462 2
5464 56
5520 3
5523 1
5524 3
5527 28
5555 11
5566 3
5569 17
5586 6
5592 1
5593 67
5660 61
5721 5
5726 17
5743 2
5745 45
5790 1
5791 28
5819 1
5820 28
5848 5
5853 28
5881 2
5883 28
5911 28
5939 1
5940 56
5996 3
5999 11
6010 3
6013 1
6014 28
6042 6
6048 45
6093 6
6099 1
6100 6
6106 2
6108 45
6153 3
6156 1
6157 28
6185 3
6188 11
6199 5
6204 28
6232 5
6237 17
6254 3
6257 11
6268 3
6271 1
6272 6
6278 3
6281 45
6326 3
6329 17
6346 3
6349 1
6350 56
6406 1
6407 67
6474 1
6475 17
6492 3
6495 70
6565 17
6582 3
6585 28
6613 11
6624 3
6627 1
6628 11
6639 5
6644 28
6672 6
6678 1
6679 11
6690 1
6691 11
6702 3
6705 6
6711 3
6714 71
6785 17
6802 1
6803 45
6848 6
6854 2
6856 3
6859 1
6860 17
6877 6
6883 17
6900 3
6903 1
6904 71
6975 2
6977 28
7005 11
7016 3
7019 1
7020 6
7026 45
7071 28
7099 1
7100 6
7106 3
7109 28
7137 11
7148 5
7153 5
7158 28
7186 6
7192 28
7220 6
7226 3
7229 1
7230 6
7236 2
7238 71
7309 28
7337 3
7340 1
7341 28
7369 1
7370 56
7426 3
7429 11
7440 3
7443 28
7471 28
7499 3
7502 28
7530 6
7536 2
7538 28
7566 6
7572 28
7600 6
7606 2
7608 28
7636 6
7642 28
7670 11
7681 3
7684 6
7690 2
7692 71
7763 1
7764 6
7770 2
7772 28
7800 3
7803 1
7804 45
7849 6
7855 3
7858 1
7859 28
7887 11
7898 2
7900 17
7917 6
7923 2
7925 11
7936 1
7937 6
7943 2
7945 11
7956 3
7959 1
7960 71
8031 28
8059 3
8062 1
8063 28
8091 5
8096 28
8124 11
8135 1
8136 56
8192 3
8195 1
8196 28
8224 3
8227 28
8255 6
8261 1
8262 6
8268 3
8271 56
8327 1
8328 28
8356 11
8367 6
8373 3
8376 1
8377 3
8380 1
8381 45
8426 6
8432 3
8435 3
8438 45
8483 3
8486 17
8503 6
8509 2
8511 28
8539 11
8550 1
8551 17
8568 6
8574 3
8577 1
8578 6
8584 1
8585 71
8656 28
8684 11
8695 1
8696 11
8707 1
8708 1
8709 71
8780 5
8785 5
8790 67
8857 2
8859 11
8870 3
8873 1
8874 2
8876 28
8904 6
8910 3
8913 28
8941 2
8943 71
9014 11
9025 3
9028 1
9029 28
9057 6
9063 3
9066 1
9067 17
9084 17
9101 2
9103 11
9114 5
9119 1
9120 56
9176 2
9178 45
9223 6
9229 3
9232 28
9260 6
9266 1
9267 28
9295 17
9312 5
9317 56
9373 2
9375 28
9403 6
9409 3
9412 11
9423 3
9426 17
9443 1
9444 71
9515 6
9521 1
9522 28
9550 6
9556 2
9558 28
9586 11
9597 3
9600 11
9611 5
9616 17
9633 45
9678 6
9684 3
9687 1
9688 28
9716 6
9722 2
9724 28
9752 6
9758 1
9759 6
9765 3
9768 2
9770 71
9841 1
9842 28
9870 11
9881 2
9883 28
9911 6
9917 45
9962 1
9963 17
9980 6
9986 1
