440
1 1
1 2
1 3
1 4
1 5
1 6
1 7
1 8
1 9
1 10
1 11
1 12
1 13
1 14
1 15
1 16
1 17
1 18
1 19
1 20
1 21
1 22
1 23
1 24
1 25
1 26
1 27
1 28
1 29
1 30
1 31
1 32
1 33
1 34
1 35
1 36
1 37
1 38
1 39
1 40
1 41
1 42
1 43
1 44
1 45
1 46
1 47
1 48
1 49
1 50
1 51
1 52
1 53
1 54
1 55
1 56
57 57
114 57
171 57
228 57
285 57
342 57
399 57
456 57
513 57
570 57
627 57
684 57
741 57
798 57
855 57
912 57
969 57
1026 57
1083 57
1140 57
1197 57
1254 57
1311 57
1368 57
1425 57
1482 57
1539 57
1596 57
1653 57
1710 57
1767 57
1824 57
1881 57
1938 57
1995 57
2052 57
2109 57
2166 57
2223 57
2280 57
2337 57
2394 57
2451 57
2508 57
2565 57
2622 57
2679 57
2736 57
2793 57
2850 57
2907 57
2964 57
3021 57
3078 57
3135 57
3192 57
3249 57
57 4
61 10
114 10
124 25
171 23
194 29
228 2
285 10
295 28
323 10
342 6
399 35
434 18
456 13
469 39
513 18
531 4
570 27
597 27
627 16
643 23
666 9
741 8
798 8
806 34
855 41
912 19
931 8
969 27
996 4
1000 19
1026 34
1060 3
1083 4
1197 14
1211 41
1254 20
1274 23
1297 11
1368 5
1373 14
1425 33
1458 7
1482 12
1494 22
1539 19
1596 11
1607 14
1621 5
1653 8
1661 3
1710 1
1824 3
1827 39
1881 3
1884 23
1907 3
1910 18
1938 38
2052 11
2063 19
2109 8
2166 1
2167 32
2199 8
2207 1
2223 40
2263 14
2337 26
2363 13
2376 14
2394 38
2451 20
2471 35
2508 26
2534 7
2565 30
2622 43
2679 15
2694 40
2736 1
2737 42
2779 4
2793 46
2850 40
2907 16
2923 32
2964 23
3021 10
3031 2
3033 22
3055 18
3135 20
3155 2
3192 38
3230 8
3249 18
3267 27
3294 7
3306 25
3331 55
3386 11
3397 45
3442 17
3459 16
3475 71
3546 7
3553 57
3610 3
3613 4
3617 6
3623 71
3694 31
3725 23
3748 5
3753 24
3777 61
3838 5
3843 30
3873 50
3923 25
3948 9
3957 39
3996 33
4029 49
4078 9
4087 57
4144 3
4147 19
4166 42
4208 61
4269 15
4284 29
4313 71
4384 8
4392 39
4431 31
4462 30
4492 23
4515 28
4543 56
4599 26
4625 3
4628 34
4662 61
4723 6
4729 33
4762 33
4795 21
4816 1
4817 54
4871 44
4915 19
4934 30
4964 61
5025 8
5033 10
5043 18
5061 36
5097 46
5143 37
5180 3
5183 4
5187 45
5232 71
5303 13
5316 17
5333 47
5380 15
5395 61
5456 8
5464 57
5521 3
5524 3
5527 42
5569 23
5592 1
5593 61
5654 6
5660 61
5721 5
5726 19
5745 46
5791 29
5820 33
5853 30
5883 28
5911 29
5940 57
5997 2
5999 15
6014 34
6048 52
6100 8
6108 49
6157 31
6188 16
6204 33
6237 20
6257 15
6272 9
6281 48
6329 21
6350 57
6407 61
6468 7
6475 20
6495 61
6556 9
6565 20
6585 43
6628 16
6644 35
6679 12
6691 14
6705 9
6714 71
6785 18
6803 53
6856 4
6860 23
6883 21
6904 71
6975 2
6977 43
7020 6
7026 45
7071 29
7100 9
7109 44
7153 5
7158 34
7192 38
7230 8
7238 71
7309 32
7341 29
7370 57
7427 2
7429 14
7443 28
7471 31
7502 36
7538 34
7572 36
7608 34
7642 42
7684 8
7692 71
7763 1
7764 8
7772 32
7804 55
7859 41
7900 25
7925 12
7937 8
7945 15
7960 71
8031 32
8063 28
8091 5
8096 40
8136 57
8193 3
8196 31
8227 35
8262 9
8271 57
8328 39
8367 10
8377 4
8381 54
8435 3
8438 48
8486 25
8511 40
8551 27
8578 7
8585 71
8656 40
8696 12
8708 1
8709 71
8780 5
8785 5
8790 61
8851 8
8859 15
8874 2
8876 37
8913 30
8943 71
9014 15
9029 38
9067 17
9084 19
9103 16
9119 1
9120 57
9177 1
9178 54
9232 35
9267 28
9295 22
9317 57
9374 1
9375 37
9412 14
9426 18
9444 71
9515 7
9522 36
9558 42
9600 16
9616 17
9633 55
9688 36
9724 35
9759 9
9768 2
9770 71
9841 1
9842 41
9883 34
9917 46
9963 24
