381
1 1
2 2
4 2
6 6
12 12
24 24
1 12
48 13
4 6
61 10
1 4
5 48
71 53
1 24
124 25
1 6
7 13
20 25
149 45
4 25
194 29
223 7
4 61
230 65
1 2
3 25
295 28
323 10
2 13
333 15
15 71
348 86
3 15
434 18
2 15
452 17
10 29
469 39
3 20
508 23
531 4
1 61
535 62
2 25
597 27
1 18
624 19
643 23
2 7
666 9
3 71
675 74
4 53
749 57
5 29
806 34
3 53
840 56
1 34
896 35
1 7
931 8
939 57
996 4
1000 19
2 39
1019 41
1060 3
1063 24
24 86
1087 110
1 13
1197 14
1211 41
2 20
1252 22
1274 23
1 10
1297 11
1308 65
1373 14
1387 71
1458 7
1465 29
1494 22
1 41
1516 42
1 48
1558 49
1607 14
1621 5
1626 35
1661 3
2 45
1664 47
6 110
1711 116
1827 39
1866 18
1884 23
1907 3
1910 18
1928 48
1 86
1976 87
2063 19
2082 35
1 49
2117 50
3 29
2167 32
2199 8
2207 1
2 53
2208 55
2263 14
2277 86
2363 13
2376 14
2390 42
2432 39
2471 35
2506 28
2534 7
1 53
2541 54
5 65
2595 70
2665 29
1 39
2694 40
2734 3
2737 42
2779 4
2783 56
1 50
2839 51
1 32
2890 33
2923 32
2955 32
2 42
2987 44
3031 2
3033 22
3055 18
8 74
3073 82
3155 2
2 71
3157 73
3230 8
3238 29
3267 27
3294 7
1 29
3301 30
3331 55
3386 11
3397 45
3442 17
1 15
3459 16
4 74
3475 78
3 57
3553 60
3613 4
3617 6
15 87
3623 102
3725 23
3748 5
3753 24
1 65
3777 66
3843 30
3873 50
3923 25
3948 9
3957 39
3996 33
4029 49
4078 9
4087 57
4144 3
4147 19
4166 42
4208 61
4269 15
4284 29
1 78
4313 79
4392 39
1 30
4431 31
4462 30
4492 23
4515 28
4543 56
1 25
4599 26
4625 3
4628 34
1 66
4662 67
4729 33
4762 33
1 20
4795 21
4816 1
4817 54
4871 44
4915 19
4934 30
2 67
4964 69
5033 10
5043 18
1 35
5061 36
1 45
5097 46
1 36
5143 37
5180 3
5183 4
5187 45
2 82
5232 84
5316 17
5333 47
5380 15
5395 61
5456 8
5464 60
5524 3
5527 42
5569 23
5592 1
5593 67
5660 66
5726 19
5745 46
5791 29
5820 33
5853 30
5883 28
5911 29
2 57
5940 59
5999 15
6014 34
1 51
6048 52
6100 8
6108 49
6157 31
6188 16
6204 33
6237 20
6257 15
6272 9
6281 48
6329 21
6350 57
1 67
6407 68
6475 20
6495 70
6565 20
1 42
6585 43
6628 16
6644 35
6679 12
6691 14
6705 9
2 87
6714 89
6803 53
6856 4
6860 23
6883 21
6904 73
6977 43
7020 6
7026 45
7071 29
7100 9
7109 44
7153 5
7158 34
1 37
7192 38
7230 8
1 102
7238 103
7341 29
7370 59
7429 14
7443 28
7471 31
7502 36
7538 34
7572 36
7608 34
7642 42
7684 8
1 71
7692 72
7764 8
7772 32
7804 55
7859 41
7900 25
7925 12
7937 8
7945 15
7960 103
8063 28
8091 5
8096 40
8136 60
8196 31
8227 35
8262 9
8271 57
8328 39
8367 10
8377 4
8381 54
8435 3
8438 48
8486 25
8511 40
8551 27
8578 7
1 110
8585 111
8696 12
8708 1
2 74
8709 76
8785 5
8790 69
8859 15
8874 2
8876 37
8913 30
8943 86
9029 38
9067 17
9084 19
9103 16
9119 1
1 57
9120 58
9178 54
9232 35
9267 28
9295 22
9317 58
9375 37
9412 14
9426 18
9444 78
9522 36
9558 42
9600 16
9616 17
9633 55
9688 36
9724 35
9759 9
9768 2
9770 72
9842 41
9883 34
9917 46
9963 24
