322
1 1
2 2
4 2
6 6
12 12
24 6
30 4
34 1
30 30
60 1
35 35
70 1
61 24
85 4
89 35
89 60
124 70
194 12
149 70
219 4
206 24
206 89
295 2
297 24
321 2
321 12
323 24
347 1
333 89
422 12
230 219
422 30
434 35
422 85
507 1
507 24
531 4
535 4
508 89
539 85
449 194
333 333
469 206
452 297
666 124
508 297
805 1
806 34
666 230
896 35
790 149
790 206
996 4
597 422
1000 60
939 124
1063 24
666 531
1087 124
931 321
840 434
1000 297
1274 34
939 434
790 597
1387 71
996 469
1197 297
1297 219
1211 347
1458 149
1274 347
1087 539
1626 35
1458 206
1626 85
1621 206
1060 806
1661 223
1458 449
1458 452
1607 321
1827 149
1063 1000
1458 624
2082 35
2082 85
1976 223
1910 297
2207 1
1458 805
2207 70
1558 805
1907 469
2167 223
1626 806
2277 194
2471 35
2082 452
2506 35
2534 61
2595 70
2471 223
2199 535
2390 347
2694 85
2779 4
2779 60
2595 295
2471 452
2506 449
2390 597
2734 297
3031 2
3031 24
2534 539
3031 124
3155 2
2390 840
2890 348
3073 194
2363 931
3267 34
3301 30
3301 85
2890 507
1884 1558
2207 1252
3386 89
3230 323
3553 60
3613 4
3617 6
2665 1060
3073 675
3331 422
3753 24
3613 230
3843 30
2923 1000
3725 223
3923 34
3777 219
3386 643
3238 840
2890 1197
3613 531
4087 60
3843 323
4147 61
4208 61
4078 206
3294 1019
3923 469
4208 223
4392 70
4462 30
3725 790
4313 230
4147 452
4431 194
4543 85
4628 34
3923 806
4543 219
4462 333
3753 1063
4816 1
2987 1884
4166 749
4144 790
4934 30
4599 434
4147 896
3753 1308
4628 469
4795 348
4431 749
4964 219
5183 4
5143 89
5097 219
4543 790
5033 347
4729 666
5395 61
5143 321
5464 60
5456 71
5061 508
5143 449
5592 1
4729 931
5187 539
5660 85
4795 996
3613 2207
5187 666
5853 30
5380 531
5791 149
5464 535
5820 194
6014 34
5593 507
6048 60
5097 1060
3157 3031
5883 321
6014 223
6108 149
6237 35
6257 24
5524 805
5726 624
6188 219
6281 194
6272 223
6495 70
6237 348
6281 347
6495 149
6644 35
6679 12
6644 61
6679 35
6714 89
6407 449
6856 4
5883 1000
3873 3031
6644 333
3753 3267
7020 6
6281 790
6803 297
7020 89
6856 297
4795 2363
7158 34
6883 347
7153 85
7192 149
6565 805
6977 452
6904 539
6475 996
5791 1711
6475 1063
7538 34
7538 70
7608 34
7153 531
7153 539
7443 321
6475 1297
7471 333
7538 321
6904 996
6714 1211
7925 12
6281 1664
7925 35
5592 2471
7642 449
7100 996
7684 452
8136 60
7692 535
8227 35
7764 507
7859 469
7945 422
7925 452
8377 4
7900 535
8377 61
6860 1626
7572 939
8328 223
7772 806
8551 34
8262 434
8696 12
8708 1
8696 89
7859 931
8511 348
8785 89
8874 2
6714 2199
8913 30
8708 321
8943 124
6350 2734
6904 2199
9084 35
9119 1
9029 149
7859 1373
9232 35
7429 1866
9232 85
8709 666
8943 469
9232 194
9295 149
8435 1087
7937 1621
9267 333
9295 321
8381 1252
7804 1884
9600 124
9724 35
8708 1060
9768 2
8377 1465
9759 124
9883 34
9616 347
9963 24
