684
1 1
1 2
2 3
3 3
6 6
6 12
12 18
18 30
30 30
48 12
60 1
61 6
67 3
70 1
71 48
119 5
124 18
142 6
148 1
149 30
179 12
191 3
194 18
212 6
218 5
223 6
229 1
230 61
291 3
294 1
295 18
313 6
319 3
322 1
323 6
329 3
332 1
333 12
345 3
348 71
419 12
431 3
434 18
452 12
464 5
469 30
499 6
505 3
508 18
526 5
531 3
534 1
535 61
596 1
597 18
615 6
621 3
624 18
642 1
643 18
661 5
666 6
672 3
675 71
746 3
749 48
797 6
803 3
806 30
836 3
839 1
840 48
888 6
894 2
896 30
926 5
931 6
937 2
939 48
987 6
993 3
996 3
999 1
1000 18
1018 1
1019 30
1049 6
1055 5
1060 3
1063 18
1081 6
1087 71
1158 30
1188 6
1194 3
1197 12
1209 2
1211 30
1241 6
1247 5
1252 18
1270 3
1273 1
1274 18
1292 5
1297 6
1303 5
1308 61
1369 3
1372 1
1373 12
1385 2
1387 71
1458 6
1464 1
1465 18
1483 6
1489 5
1494 18
1512 3
1515 1
1516 30
1546 12
1558 48
1606 1
1607 12
1619 2
1621 5
1626 30
1656 5
1661 3
1664 30
1694 12
1706 5
1711 71
1782 30
1812 12
1824 3
1827 30
1857 6
1863 3
1866 18
1884 18
1902 5
1907 3
1910 18
1928 48
1976 71
2047 12
2059 3
2062 1
2063 18
2081 1
2082 30
2112 5
2117 48
2165 2
2167 30
2197 2
2199 6
2205 2
2207 1
2208 48
2256 6
2262 1
2263 12
2275 2
2277 71
2348 12
2360 3
2363 12
2375 1
2376 12
2388 2
2390 30
2420 12
2432 30
2462 6
2468 3
2471 30
2501 5
2506 18
2524 6
2530 3
2533 1
2534 6
2540 1
2541 48
2589 6
2595 70
2665 18
2683 6
2689 5
2694 30
2724 6
2730 3
2733 1
2734 3
2737 30
2767 12
2779 3
2782 1
2783 48
2831 6
2837 2
2839 48
2887 3
2890 30
2920 3
2923 30
2953 2
2955 30
2985 2
2987 30
3017 12
3029 2
3031 2
3033 18
3051 3
3054 1
3055 18
3073 71
3144 6
3150 5
3155 2
3157 71
3228 2
3230 6
3236 2
3238 18
3256 6
3262 5
3267 18
3285 6
3291 3
3294 6
3300 1
3301 30
3331 48
3379 6
3385 1
3386 6
3392 5
3397 30
3427 12
3439 3
3442 12
3454 5
3459 12
3471 3
3474 1
3475 71
3546 6
3552 1
3553 60
3613 3
3616 1
3617 6
3623 71
3694 30
3724 1
3725 18
3743 5
3748 5
3753 18
3771 6
3777 61
3838 5
3843 30
3873 48
3921 2
3923 18
3941 6
3947 1
3948 6
3954 3
3957 30
3987 6
3993 3
3996 30
4026 3
4029 48
4077 1
4078 6
4084 3
4087 48
4135 6
4141 3
4144 3
4147 18
4165 1
4166 30
4196 12
4208 61
4269 12
4281 3
4284 18
4302 6
4308 5
4313 71
4384 6
4390 2
4392 30
4422 6
4428 3
4431 30
4461 1
4462 30
4492 18
4510 5
4515 18
4533 6
4539 3
4542 1
4543 48
4591 6
4597 2
4599 18
4617 6
4623 2
4625 3
4628 30
4658 3
4661 1
4662 67
4729 30
4759 3
4762 30
4792 3
4795 18
4813 3
4816 1
4817 48
4865 6
4871 30
4901 12
4913 2
4915 18
4933 1
4934 30
4964 67
5031 2
5033 6
5039 3
5042 1
5043 18
5061 30
5091 6
5097 30
5127 12
5139 3
5142 1
5143 30
5173 6
5179 1
5180 3
5183 3
5186 1
5187 30
5217 12
5229 3
5232 71
5303 12
5315 1
5316 12
5328 5
5333 30
5363 12
5375 5
5380 12
5392 3
5395 61
5456 6
5462 2
5464 60
5524 3
5527 30
5557 12
5569 18
5587 5
5592 1
5593 67
5660 61
5721 5
5726 18
5744 1
5745 30
5775 12
5787 3
5790 1
5791 18
5809 6
5815 5
5820 30
5850 3
5853 30
5883 18
5901 6
5907 3
5910 1
5911 18
5929 6
5935 5
5940 48
5988 6
5994 5
5999 12
6011 3
6014 30
6044 3
6047 1
6048 48
6096 3
6099 1
6100 6
6106 2
6108 48
6156 1
6157 30
6187 1
6188 12
6200 3
6203 1
6204 30
6234 3
6237 18
6255 2
6257 12
6269 3
6272 6
6278 3
6281 48
6329 18
6347 3
6350 48
6398 6
6404 3
6407 67
6474 1
6475 18
6493 2
6495 70
6565 18
6583 2
6585 30
6615 12
6627 1
6628 12
6640 3
6643 1
6644 30
6674 5
6679 12
6691 12
6703 2
6705 6
6711 3
6714 71
6785 18
6803 48
6851 5
6856 3
6859 1
6860 18
6878 5
6883 18
6901 3
6904 71
6975 2
6977 30
7007 12
7019 1
7020 6
7026 30
7056 12
7068 3
7071 18
7089 6
7095 5
7100 6
7106 3
7109 30
7139 12
7151 2
7153 5
7158 30
7188 3
7191 1
7192 30
7222 6
7228 2
7230 6
7236 2
7238 71
7309 30
7339 2
7341 18
7359 6
7365 5
7370 48
7418 6
7424 5
7429 12
7441 2
7443 18
7461 6
7467 3
7470 1
7471 30
7501 1
7502 30
7532 6
7538 30
7568 3
7571 1
7572 30
7602 6
7608 30
7638 3
7641 1
7642 30
7672 12
7684 6
7690 2
7692 71
7763 1
7764 6
7770 2
7772 30
7802 2
7804 48
7852 6
7858 1
7859 30
7889 6
7895 5
7900 18
7918 6
7924 1
7925 12
7937 6
7943 2
7945 12
7957 3
7960 71
8031 30
8061 2
8063 18
8081 6
8087 3
8090 1
8091 5
8096 30
8126 6
8132 3
8135 1
8136 60
8196 30
8226 1
8227 30
8257 5
8262 6
8268 3
8271 48
8319 6
8325 3
8328 30
8358 6
8364 3
8367 6
8373 3
8376 1
8377 3
8380 1
8381 48
8429 6
8435 3
8438 48
8486 18
8504 6
8510 1
8511 30
8541 6
8547 3
8550 1
8551 18
8569 6
8575 3
8578 6
8584 1
8585 71
8656 30
8686 6
8692 3
8695 1
8696 12
8708 1
8709 71
8780 5
8785 5
8790 67
8857 2
8859 12
8871 3
8874 2
8876 30
8906 6
8912 1
8913 30
8943 71
9014 12
9026 3
9029 30
9059 6
9065 2
9067 12
9079 5
9084 18
9102 1
9103 12
9115 3
9118 1
9119 1
9120 48
9168 6
9174 3
9177 1
9178 48
9226 6
9232 30
9262 5
9267 18
9285 6
9291 3
9294 1
9295 18
9313 3
9316 1
9317 48
9365 6
9371 3
9374 1
9375 30
9405 6
9411 1
9412 12
9424 2
9426 18
9444 71
9515 6
9521 1
9522 30
9552 6
9558 30
9588 12
9600 12
9612 3
9615 1
9616 12
9628 5
9633 48
9681 6
9687 1
9688 30
9718 6
9724 30
9754 5
9759 6
9765 3
9768 2
9770 71
9841 1
9842 30
9872 6
9878 5
9883 30
9913 3
9916 1
9917 30
9947 12
9959 3
9962 1
9963 18
9981 6
