338
1 1
2 2
4 2
6 6
12 12
24 24
12 1
48 13
6 4
61 10
61 1
62 62
12 13
124 25
149 25
10 10
174 20
25 4
194 29
6 1
223 7
61 4
230 65
174 149
323 10
174 174
61 25
348 86
12 6
434 18
295 174
29 10
469 39
469 62
531 4
535 62
20 7
597 27
348 295
333 333
452 223
61 13
675 74
39 18
749 57
666 174
666 230
25 10
896 35
4 4
931 8
931 65
531 469
12 7
1000 19
29 12
1019 41
840 223
1060 27
666 531
1087 124
1211 41
840 434
1211 86
7 4
1297 11
749 624
7 7
1373 14
1387 71
996 469
1060 434
11 11
1494 22
22 20
1516 42
1274 333
1607 14
1607 19
1626 35
1607 57
1087 624
931 896
1060 806
1661 223
1866 41
1458 452
1494 434
1827 149
1063 1000
1063 1019
2082 35
25 25
2117 50
1664 535
1211 996
2167 41
35 20
2208 55
2263 14
2277 86
1907 469
1494 896
1626 806
1274 1197
2432 74
1910 624
1866 675
1664 931
2471 194
1607 1087
1928 806
1 2
2734 3
2737 42
2117 666
2506 333
1827 1063
1465 1458
2890 65
2363 624
22 22
2987 44
2390 643
3031 24
2987 86
1661 1494
3033 124
2167 1063
2432 806
2207 1060
1907 1387
1928 1373
1866 1465
1928 1458
3386 11
1884 1558
2207 1252
2167 1308
2534 1019
35 25
3553 60
3294 323
2783 840
2167 1558
3073 675
2734 1019
2390 1387
2783 1060
3033 840
2923 1000
2082 1866
6 3
3948 9
3948 48
2471 1558
2471 1607
2376 1711
3613 531
2263 1884
2779 1387
3459 749
4208 61
2167 2117
3294 1019
3923 469
3157 1274
2263 2199
2665 1827
11 12
4492 23
2376 2167
2432 2167
3238 1387
3331 1297
2734 1928
3923 806
2595 2167
2432 2363
2734 2082
3301 1516
2987 1884
2987 1928
4915 19
3753 1211
3475 1558
4147 896
3397 1664
2665 2432
4147 996
4284 896
3725 1458
4964 223
2955 2277
42 42
5232 84
8 9
5316 17
2839 2541
4087 1308
5395 61
2923 2541
3442 2082
3617 1910
3948 1621
3475 2117
3230 2363
2923 2737
3294 2432
5726 19
4795 996
3155 2665
5187 666
5043 840
4915 996
3157 2783
3623 2376
4762 1252
17 17
6014 34
5569 531
6048 60
3267 2890
3155 3033
3996 2208
4029 2208
5660 597
4964 1308
3294 2987
4871 1458
3613 2737
3873 2534
3442 3033
5187 1308
5569 996
4964 1621
4087 2541
3613 3031
4208 2471
3397 3294
3475 3230
4208 2506
3748 3055
3459 3397
3873 2987
5820 1063
3873 3031
4087 2890
3623 3397
3725 3301
3777 3294
6100 1000
4078 3031
3923 3230
4795 2363
4269 2923
3617 3613
5527 1711
5883 1458
3753 3617
6977 452
5180 2263
3996 3475
3777 3725
5456 2082
5745 1827
4166 3442
4029 3613
4729 2955
4462 3230
4147 3617
4313 3459
4817 2987
4462 3397
4147 3753
5726 2199
4462 3475
4392 3553
4087 3873
4762 3301
4934 3157
4543 3553
6475 1661
5820 2376
7692 535
5791 2471
5033 3238
5061 3267
5380 2987
6014 2363
4628 3753
4269 4166
4515 3923
6860 1626
4515 3996
4628 3923
4431 4147
4628 3957
5143 3553
6014 2694
4543 4166
5232 3553
6883 1907
5592 3267
5097 3777
4729 4147
5527 3386
8435 508
5033 3996
5592 3475
6350 2734
5180 3923
5660 3459
4628 4492
5911 3267
6495 2737
5180 4087
5820 3475
5033 4284
6108 3267
5143 4269
4934 4492
4816 4628
5745 3777
5043 4515
4871 4729
5999 3617
4816 4817
4871 4817
5232 4492
4964 4795
5143 4625
6157 3613
5180 4662
7100 2783
6475 3442
6350 3613
8790 1197
