339
1 1
2 2
2 4
6 6
12 12
24 24
12 48
1 60
6 61
4 67
61 61
2 122
24 124
1 148
71 122
1 193
71 149
2 220
1 222
6 223
1 229
71 223
1 294
24 295
4 319
12 319
2 331
24 323
1 347
194 230
6 424
4 430
222 230
122 347
71 434
2 505
1 507
24 507
4 531
61 535
1 596
194 430
295 348
319 347
223 452
319 430
295 508
2 803
1 805
333 507
230 666
424 507
434 505
193 803
4 996
122 896
1 1018
60 1000
67 996
24 1063
531 666
124 1087
319 931
2 1250
24 1250
295 1000
2 1295
505 803
434 939
323 1063
1 1386
71 1387
469 996
220 1274
319 1197
347 1211
149 1458
347 1274
331 1295
643 1018
148 1516
624 1087
220 1607
803 1063
220 1664
348 1558
1 1906
4 1906
434 1494
48 1928
505 1558
624 1458
452 1664
1 2116
505 1661
1 2166
223 1976
323 1884
1 2207
805 1458
194 2082
1 2276
805 1558
294 2082
223 2167
806 1626
194 2277
229 2277
452 2082
333 2208
61 2534
124 2541
223 2471
193 2541
347 2390
347 2432
4 2779
60 2779
295 2595
229 2694
220 2734
1 2954
148 2839
294 2737
2 3031
24 3031
294 2779
122 3033
2 3155
840 2390
348 2890
194 3073
931 2363
71 3230
597 2734
148 3238
507 2890
148 3294
229 3230
1308 2167
222 3331
60 3553
4 3613
6 3617
424 3301
675 3073
294 3459
24 3753
220 3623
148 3725
1000 2923
223 3725
333 3623
1 3956
48 3948
643 3386
122 3956
1197 2890
148 3996
60 4087
323 3843
61 4147
61 4208
507 3777
1019 3294
469 3923
223 4208
149 4313
61 4431
122 4392
1 4514
230 4313
452 4147
194 4431
1297 3331
148 4514
67 4662
331 4431
333 4462
424 4392
1 4816
1884 2987
749 4166
1060 3873
1 4933
148 4816
434 4599
896 4147
1308 3753
469 4628
348 4795
666 4514
122 5061
4 5183
840 4392
1928 3386
2 5314
149 5183
1 5332
48 5332
666 4729
61 5395
148 5316
60 5464
71 5456
508 5061
531 5061
1 5592
67 5593
331 5395
220 5524
1 5744
222 5569
2207 3613
193 5660
223 5660
319 5592
149 5791
430 5569
194 5820
1386 4662
507 5593
60 6048
1060 5097
596 5592
1387 4817
223 6014
149 6108
452 5820
24 6257
48 6281
193 6157
1976 4431
194 6281
223 6272
996 5569
348 6237
347 6281
149 6495
1019 5660
12 6679
61 6644
149 6565
124 6679
3397 3459
4 6856
1000 5883
48 6856
333 6644
2506 4514
6 7020
596 6475
535 6565
430 6679
803 6350
2363 4795
1252 5940
347 6883
1494 5744
149 7192
805 6565
452 6977
2063 5380
996 6475
1711 5791
67 7471
1558 6014
508 7100
3613 4029
531 7153
666 7026
122 7642
1297 6475
333 7471
430 7429
996 6904
1211 6714
12 7925
1664 6281
60 7900
1906 6157
319 7772
996 7100
452 7684
60 8136
535 7692
2263 5999
507 7764
469 7859
430 7937
452 7925
4 8377
535 7900
61 8377
48 8438
939 7572
223 8328
67 8511
323 8262
319 8377
12 8696
1 8708
347 8438
931 7859
348 8511
323 8551
2 8874
2199 6714
67 8876
333 8696
124 8943
294 8790
229 8874
2263 6856
1 9119
149 9029
148 9084
148 9119
505 8790
806 8511
666 8709
469 8943
194 9232
149 9295
1087 8435
1621 7937
333 9267
3031 6585
1252 8381
1250 8438
124 9600
71 9688
1060 8708
2 9768
430 9412
124 9759
149 9768
193 9770
24 9963
