336
1 1
2 1
2 2
4 2
6 1
7 2
6 4
10 4
9 6
15 4
19 4
23 2
19 9
25 4
28 6
29 6
35 4
39 2
35 7
42 2
41 4
44 6
44 9
53 4
57 4
53 9
61 4
65 6
71 15
71 42
71 53
124 25
149 45
194 29
223 7
230 65
295 28
323 10
333 15
348 86
434 15
449 3
434 35
469 39
508 23
531 4
535 62
597 25
622 2
624 19
643 23
666 9
675 71
746 3
749 57
806 34
666 230
896 35
931 7
938 1
939 57
996 4
1000 19
1019 41
1060 3
938 149
666 531
1197 14
1211 41
840 434
1274 23
1274 34
1308 65
1373 14
1387 71
1458 7
1465 29
1494 19
1513 3
1516 42
1494 113
1607 14
1607 19
1626 35
1661 3
1661 50
1494 333
1827 39
1827 57
1884 23
1907 3
1884 44
1827 149
1063 1000
2063 19
2082 35
2117 50
1976 223
1884 323
2199 9
2208 53
2261 2
2263 14
2277 86
2263 113
2376 14
2390 42
2432 39
2471 35
2506 28
2534 7
2534 61
2541 124
2665 29
2199 535
2734 3
2737 42
2779 4
2506 333
2595 295
2471 452
2890 65
2390 597
2987 44
3031 2
2117 938
3031 42
3031 124
3155 2
2390 840
2890 348
3238 29
2363 931
3294 7
2734 597
2390 996
1884 1513
3397 45
3397 62
2167 1308
3230 323
3553 57
3610 3
3613 4
3617 6
2665 1060
3725 23
3725 28
3748 29
3613 230
3230 643
3873 50
3923 25
3948 9
3957 39
3386 643
3238 840
4078 9
4087 57
4144 3
4147 19
4166 42
4208 61
4269 15
4284 29
3923 469
4392 39
4313 149
4431 61
4492 23
4515 28
4147 452
4431 194
4625 3
4628 34
3923 806
4313 449
4462 333
3753 1063
3301 1516
2987 1884
4871 44
4915 19
4515 449
4599 434
5033 10
5033 28
4628 469
4795 348
4431 749
5180 3
5183 4
5187 45
3055 2261
5316 15
5331 2
3553 1827
5380 15
5395 61
3948 1516
4628 896
5524 3
5527 42
5569 23
4662 931
4729 931
4795 931
5726 19
5726 65
5791 29
5791 62
5660 223
5883 28
5911 29
5464 535
5999 15
6014 34
6014 86
6100 7
6107 1
6107 50
3157 3031
4817 1387
6014 223
6204 53
6257 15
6272 9
6272 57
6237 113
6350 57
6281 194
6272 223
5569 996
6237 348
5331 1297
6495 149
6644 35
6257 434
6691 14
6705 9
6679 124
6803 53
6856 4
6860 23
6860 44
6644 333
3753 3267
7020 6
7026 45
7071 29
7100 9
7109 44
5331 1827
7158 34
5569 1661
5527 1711
7192 149
7341 29
6977 452
7429 14
7443 28
5791 1711
6475 1063
7538 34
7100 508
7608 34
7642 42
7642 50
6157 1607
7026 746
7471 333
6585 1274
7859 41
7900 25
7642 295
7900 45
7945 15
5592 2471
8063 28
7158 938
8091 45
7572 624
7692 535
8227 35
8262 9
8271 57
8328 39
8367 10
8377 4
7900 535
8435 3
6860 1626
8486 25
8486 65
7772 806
8578 7
8262 434
7192 1516
8585 124
7945 840
7859 931
8511 348
8859 15
8874 2
8874 39
8435 508
8943 86
8943 124
6350 2734
9084 19
9084 35
9067 53
9029 149
9119 113
9232 35
9267 28
9267 50
8709 666
8943 469
9412 14
9295 149
8435 1087
7937 1621
9558 42
6585 3031
8381 1252
7804 1884
9600 124
9724 35
9759 9
9768 2
8377 1465
9842 41
9883 34
9067 896
8790 1197
