332
1 1
2 1
2 2
3 3
3 4
4 4
3 6
3 7
3 8
4 10
6 9
3 14
4 14
4 15
4 18
6 17
8 19
6 22
7 27
8 27
11 28
7 35
9 35
6 39
6 44
10 45
7 50
10 50
6 55
7 55
4 61
9 62
9 65
19 65
15 71
50 74
65 84
45 149
74 149
7 223
65 230
295 28
10 323
15 333
86 348
434 18
35 434
74 434
62 469
27 508
62 535
27 597
295 348
42 624
223 452
675 74
749 57
806 34
230 666
896 35
8 931
65 931
61 939
23 996
60 1000
44 1019
27 1060
531 666
124 1087
55 1197
434 840
45 1252
34 1274
434 939
14 1373
1387 71
469 996
434 1060
22 1494
1516 42
149 1458
1607 14
19 1607
35 1626
57 1607
50 1661
333 1494
806 1060
57 1827
23 1884
44 1866
44 1884
149 1827
1000 1063
624 1458
35 2082
2117 50
223 1976
323 1884
9 2199
55 2208
14 2263
2277 86
469 1907
27 2363
806 1626
194 2277
74 2432
452 2082
35 2506
61 2534
124 2541
223 2471
535 2199
3 2734
45 2734
666 2117
60 2779
295 2595
84 2839
65 2890
597 2390
44 2987
194 2839
22 3033
42 3031
124 3031
84 3073
840 2390
348 2890
194 3073
931 2363
34 3267
597 2734
996 2390
11 3386
1558 1884
62 3397
1308 2167
323 3230
3553 60
323 3294
10 3613
1060 2665
675 3073
28 3725
1387 2390
230 3613
643 3230
1000 2923
223 3725
34 3923
39 3957
643 3386
840 3238
1197 2890
531 3613
60 4087
22 4144
61 4147
61 4208
531 3753
44 4269
469 3923
223 4208
149 4313
61 4431
84 4431
230 4313
84 4515
194 4431
1297 3331
666 3996
806 3923
675 4087
333 4462
1063 3753
55 4762
55 4816
749 4166
4915 19
1211 3753
434 4599
896 4147
28 5033
469 4628
348 4795
749 4431
86 5097
7 5180
840 4392
5232 84
5316 17
1827 3553
62 5333
61 5395
84 5380
896 4628
71 5456
45 5524
65 5527
931 4662
931 4729
931 4795
5726 19
65 5726
2207 3613
62 5791
223 5660
531 5380
57 5883
535 5464
74 5940
34 6014
86 6014
60 6048
57 6100
3031 3157
1387 4817
223 6014
149 6108
35 6237
44 6237
57 6272
624 5726
1976 4431
194 6281
223 6272
996 5569
348 6237
1664 4964
149 6495
1019 5660
434 6257
61 6644
23 6691
124 6679
3397 3459
57 6803
27 6856
44 6860
333 6644
3267 3753
223 6803
1607 5464
74 7026
1516 5593
896 6257
2363 4795
39 7153
1661 5569
1711 5527
149 7192
3617 3753
452 6977
2063 5380
42 7429
1711 5791
1063 6475
1558 6014
508 7100
3613 4029
531 7153
50 7642
1607 6157
1297 6475
333 7471
1274 6585
996 6904
1211 6714
295 7642
45 7900
23 7937
2471 5592
2208 5883
996 7100
45 8091
624 7572
535 7692
2263 5999
44 8227
469 7859
508 7859
452 7925
14 8367
535 7900
57 8381
1626 6860
939 7572
65 8486
806 7772
34 8551
434 8262
1516 7192
124 8585
840 7945
931 7859
74 8785
84 8790
17 8859
39 8874
84 8859
333 8696
124 8943
55 9029
74 9029
35 9084
535 8585
149 9029
1373 7859
939 8328
1866 7429
50 9267
666 8709
469 8943
194 9232
149 9295
1087 8435
1621 7937
333 9267
3031 6585
1252 8381
1884 7804
124 9600
71 9688
44 9724
11 9759
74 9768
124 9759
149 9768
896 9067
1197 8790
