339
1 1
2 2
2 4
6 6
12 12
24 24
12 48
60 1
6 61
67 4
61 61
122 2
124 24
148 1
122 71
193 1
149 71
220 2
222 1
223 6
229 1
223 71
294 1
295 24
319 4
319 12
331 2
223 124
347 1
230 194
424 6
430 4
223 229
347 122
434 71
505 2
507 1
507 24
531 4
535 61
596 1
430 194
295 348
333 333
452 223
430 319
508 295
803 2
805 1
507 333
666 230
507 424
505 434
803 193
939 61
896 122
1018 1
1000 60
939 124
1063 24
666 531
1063 148
1019 230
1249 2
1251 1
840 434
1249 48
803 505
1249 124
1063 323
1386 1
1387 71
996 469
1274 220
1197 319
1211 347
1387 220
1274 347
1558 67
1625 1
1018 643
1516 148
1087 624
1607 220
803 1063
1661 223
1558 348
1906 1
1906 4
1494 434
1928 48
1558 505
1458 624
1664 452
2116 1
1661 505
2166 1
1976 223
1884 323
2207 1
1458 805
2082 194
2276 1
1558 805
2082 294
2167 223
1626 806
2277 194
2277 229
2082 452
2117 424
2534 61
2541 124
2471 223
2541 193
2390 347
2432 347
2117 666
2779 60
2595 295
2117 806
2734 220
2954 1
2839 148
2737 294
2839 194
3031 24
2779 294
1249 1906
3155 2
2390 840
2890 348
3073 194
2363 931
3230 71
1249 2082
3055 331
2890 507
3294 148
3230 229
2167 1308
3331 222
3553 60
3613 4
3475 148
3301 424
3073 675
3301 452
3753 24
3613 230
3725 148
2923 1000
3725 223
3623 333
3956 1
3948 48
3386 643
3956 122
2890 1197
3613 531
4087 60
3843 323
4147 61
4147 122
3777 507
3294 1019
3923 469
4208 223
4313 149
4431 61
2890 1625
1249 3294
4147 452
4431 194
3331 1297
3055 1607
4662 67
4087 675
4462 333
4392 424
4816 1
2987 1884
4166 749
3873 1060
4933 1
4816 148
4599 434
4147 896
3753 1308
4628 469
4795 348
4431 749
5061 122
5183 4
4392 840
3386 1928
5314 2
3055 2277
5332 1
5232 148
4087 1308
5395 61
5316 148
4628 896
5333 194
5061 508
5061 531
5569 24
5593 67
5395 331
5524 220
5744 1
5569 222
3613 2207
5660 193
5660 223
5592 319
5592 348
5333 666
5791 223
4662 1386
5592 508
6048 60
5097 1060
5592 596
4087 2117
6014 223
6108 149
5820 452
6257 24
6281 48
6157 193
4431 1976
6281 194
6272 223
5569 996
6237 348
6281 347
6495 149
5592 1087
6679 12
6108 597
6565 149
3055 3748
3459 3397
6329 531
5883 1000
6856 48
6644 333
5395 1625
6904 122
5143 1928
6565 535
6679 430
6350 803
4795 2363
5940 1252
6883 347
5744 1494
7192 149
6565 805
6977 452
5380 2063
6475 996
5592 1910
7471 67
6014 1558
7100 508
3613 4029
5143 2541
7026 666
7642 122
6108 1664
7471 333
7429 430
6904 996
6714 1211
7925 12
6281 1664
7900 60
6157 1906
7772 319
7100 996
7684 452
8136 60
7692 535
5999 2263
7764 507
7859 469
7692 675
7925 452
5143 3238
3055 5380
8377 61
8438 48
3055 5456
8328 223
8511 67
5143 3442
5143 3553
8486 222
8486 223
8438 347
7859 931
8262 597
8551 323
8874 2
6714 2199
8876 67
8696 333
8262 805
8790 294
3055 6048
6856 2263
9119 1
9029 149
9084 148
9119 148
8790 505
8511 806
8709 666
8943 469
9232 194
9295 149
8435 1087
7692 1866
9267 333
8367 1249
8381 1252
8063 1625
8785 939
9426 333
8708 1060
9768 2
9412 430
8262 1621
9724 193
9770 193
9963 24
