332
1 1
1 2
3 3
1 6
1 7
2 8
1 10
3 11
1 14
2 15
1 17
1 18
3 19
1 22
1 23
3 24
1 27
8 24
2 32
1 34
7 32
3 39
2 42
1 44
6 44
10 45
2 55
3 57
1 60
1 61
3 62
6 65
3 71
10 74
2 84
50 74
65 84
45 149
74 149
7 223
65 230
28 295
10 323
15 333
86 348
18 434
17 452
39 469
23 508
27 508
62 535
27 597
19 624
23 643
32 643
74 675
57 749
34 806
230 666
35 896
8 931
57 939
61 939
19 1000
60 1000
3 1060
24 1063
531 666
14 1197
55 1197
22 1252
23 1274
11 1297
65 1308
14 1373
71 1387
7 1458
434 1060
22 1494
42 1516
149 1458
14 1607
19 1607
35 1626
3 1661
50 1661
333 1494
39 1827
18 1866
23 1884
3 1907
18 1910
149 1827
1000 1063
19 2063
35 2082
50 2117
32 2167
8 2199
1 2207
55 2208
14 2263
86 2277
469 1907
14 2376
42 2390
39 2432
35 2471
28 2506
7 2534
61 2534
124 2541
223 2471
535 2199
3 2734
42 2737
666 2117
60 2779
295 2595
84 2839
32 2923
32 2955
44 2987
2 3031
22 3033
18 3055
124 3031
2 3155
840 2390
8 3230
194 3073
27 3267
7 3294
597 2734
55 3331
11 3386
45 3397
17 3442
1308 2167
323 3230
60 3553
323 3294
6 3617
1060 2665
23 3725
28 3725
24 3753
230 3613
643 3230
50 3873
223 3725
34 3923
39 3957
643 3386
840 3238
1197 2890
57 4087
3 4144
19 4147
42 4166
61 4208
15 4269
44 4269
469 3923
39 4392
149 4313
61 4431
23 4492
28 4515
84 4515
194 4431
3 4625
34 4628
806 3923
675 4087
333 4462
1063 3753
1 4816
55 4816
44 4871
19 4915
1211 3753
434 4599
10 5033
18 5043
469 4628
348 4795
749 4431
3 5180
7 5180
45 5187
84 5232
17 5316
1827 3553
15 5380
61 5395
8 5456
60 5464
3 5524
42 5527
23 5569
1 5592
931 4729
931 4795
19 5726
65 5726
2207 3613
62 5791
223 5660
28 5883
57 5883
535 5464
15 5999
34 6014
86 6014
8 6100
57 6100
3031 3157
1387 4817
223 6014
149 6108
15 6257
24 6257
57 6272
624 5726
57 6350
194 6281
223 6272
996 5569
348 6237
1664 4964
149 6495
35 6644
434 6257
14 6691
23 6691
124 6679
3397 3459
57 6803
23 6860
44 6860
333 6644
3267 3753
6 7020
45 7026
74 7026
1516 5593
44 7109
2363 4795
34 7158
1661 5569
8 7230
149 7192
3617 3753
452 6977
14 7429
28 7443
1711 5791
1063 6475
34 7538
508 7100
34 7608
42 7642
8 7684
1607 6157
8 7764
32 7772
55 7804
996 6904
1211 6714
295 7642
8 7937
15 7945
2471 5592
28 8063
996 7100
45 8091
60 8136
535 7692
35 8227
44 8227
57 8271
39 8328
10 8367
14 8367
535 7900
3 8435
1626 6860
939 7572
65 8486
27 8551
7 8578
434 8262
1516 7192
1 8708
840 7945
931 7859
74 8785
15 8859
2 8874
39 8874
84 8859
86 8943
124 8943
17 9067
19 9084
35 9084
1 9119
149 9029
1373 7859
35 9232
28 9267
22 9295
666 8709
469 8943
14 9412
18 9426
1087 8435
1621 7937
42 9558
3031 6585
17 9616
55 9633
124 9600
35 9724
44 9724
2 9768
74 9768
124 9759
34 9883
896 9067
24 9963
