413
1 1
1 2
1 3
1 4
1 5
1 6
1 7
1 8
1 9
1 10
1 11
1 12
1 13
1 14
1 15
1 16
1 17
1 18
1 19
1 20
1 21
1 22
1 23
1 24
1 25
1 26
1 27
1 28
1 29
1 30
1 31
1 32
1 33
1 34
1 35
1 36
1 37
1 38
1 39
1 40
1 41
1 42
1 43
1 44
1 45
1 46
1 47
1 48
1 49
1 50
1 51
1 52
1 53
1 54
55 6
10 61
53 71
25 124
45 149
29 194
7 223
1 55
1 56
1 57
1 58
1 59
1 60
1 61
1 62
1 63
1 64
65 230
28 295
10 323
15 333
1 71
1 72
1 73
1 74
1 75
1 76
1 77
1 78
1 79
1 80
1 81
1 82
1 83
1 84
1 85
86 348
18 434
17 452
39 469
23 508
4 531
62 535
27 597
19 624
23 643
9 666
74 675
57 749
34 806
56 840
35 896
8 931
57 939
4 996
19 1000
41 1019
3 1060
24 1063
1 86
1 87
1 88
1 89
1 90
1 91
1 92
1 93
1 94
1 95
1 96
1 97
1 98
1 99
1 100
1 101
1 102
1 103
1 104
1 105
1 106
1 107
1 108
1 109
110 1087
14 1197
41 1211
22 1252
23 1274
11 1297
65 1308
14 1373
71 1387
7 1458
29 1465
22 1494
42 1516
49 1558
14 1607
5 1621
35 1626
3 1661
47 1664
1 110
1 111
1 112
1 113
1 114
1 115
116 1711
39 1827
18 1866
23 1884
3 1907
18 1910
48 1928
87 1976
19 2063
35 2082
50 2117
32 2167
8 2199
1 2207
55 2208
14 2263
86 2277
13 2363
14 2376
42 2390
39 2432
35 2471
28 2506
7 2534
54 2541
1 65
1 66
1 67
1 68
1 69
70 2595
29 2665
40 2694
3 2734
42 2737
4 2779
56 2783
51 2839
33 2890
32 2923
32 2955
44 2987
2 3031
22 3033
18 3055
82 3073
2 3155
73 3157
8 3230
29 3238
27 3267
7 3294
30 3301
55 3331
11 3386
45 3397
17 3442
16 3459
78 3475
60 3553
4 3613
6 3617
102 3623
23 3725
5 3748
24 3753
66 3777
30 3843
50 3873
25 3923
9 3948
39 3957
33 3996
49 4029
9 4078
57 4087
3 4144
19 4147
42 4166
61 4208
15 4269
29 4284
79 4313
39 4392
31 4431
30 4462
23 4492
28 4515
56 4543
26 4599
3 4625
34 4628
67 4662
33 4729
33 4762
21 4795
1 4816
54 4817
44 4871
19 4915
30 4934
69 4964
10 5033
18 5043
36 5061
46 5097
37 5143
3 5180
4 5183
45 5187
84 5232
17 5316
47 5333
15 5380
61 5395
8 5456
60 5464
3 5524
42 5527
23 5569
1 5592
67 5593
66 5660
19 5726
46 5745
29 5791
33 5820
30 5853
28 5883
29 5911
59 5940
15 5999
34 6014
52 6048
8 6100
49 6108
31 6157
16 6188
33 6204
20 6237
15 6257
9 6272
48 6281
21 6329
57 6350
68 6407
20 6475
70 6495
20 6565
43 6585
16 6628
35 6644
12 6679
14 6691
9 6705
89 6714
53 6803
4 6856
23 6860
21 6883
73 6904
43 6977
6 7020
45 7026
29 7071
9 7100
44 7109
5 7153
34 7158
38 7192
8 7230
103 7238
29 7341
59 7370
14 7429
28 7443
31 7471
36 7502
34 7538
36 7572
34 7608
42 7642
8 7684
72 7692
8 7764
32 7772
55 7804
41 7859
25 7900
12 7925
8 7937
15 7945
103 7960
28 8063
5 8091
40 8096
60 8136
31 8196
35 8227
9 8262
57 8271
39 8328
10 8367
4 8377
54 8381
3 8435
48 8438
25 8486
40 8511
27 8551
7 8578
111 8585
12 8696
1 8708
76 8709
5 8785
69 8790
15 8859
2 8874
37 8876
30 8913
86 8943
38 9029
17 9067
19 9084
16 9103
1 9119
58 9120
54 9178
35 9232
28 9267
22 9295
58 9317
37 9375
14 9412
18 9426
78 9444
36 9522
42 9558
16 9600
17 9616
55 9633
36 9688
35 9724
9 9759
2 9768
72 9770
41 9842
34 9883
46 9917
24 9963
