1659
1 1
2 2
4 4
8 8
16 16
32 32
64 64
128 128
256 256
512 512
1024 1024
2048 2048
4096 4096
2 4
1 4
8 5
16 13
32 29
1 2
4 3
64 7
4 8
16 12
32 28
64 60
1 4
16 5
128 21
2 64
128 66
1 2
4 3
8 7
16 15
64 31
128 95
2 4
32 6
64 38
128 102
1 2
4 3
32 7
256 39
1 2
64 3
256 67
1 4
8 5
64 13
256 77
4 8
16 12
64 28
256 92
2 16
32 18
128 50
256 178
4 64
128 68
256 196
1 4
16 5
64 21
128 85
256 213
4 8
16 12
32 28
64 60
128 124
256 252
1 2
16 3
512 19
1 2
4 3
16 7
512 23
1 4
16 5
64 21
512 85
16 32
64 48
512 112
1 2
128 3
512 131
2 8
16 10
128 26
512 154
1 2
32 3
128 35
512 163
1 4
8 5
32 13
64 45
128 109
512 237
2 4
32 6
256 38
512 294
8 64
256 72
512 328
128 256
512 384
1 2
32 3
128 35
256 163
512 419
1 2
8 3
32 11
128 43
256 171
512 427
4 32
64 36
128 100
256 228
512 484
8 32
64 40
128 104
256 232
512 488
1 2
8 3
16 11
32 27
64 59
128 123
256 251
512 507
4 32
1024 36
1 2
4 3
32 7
1024 39
1 2
4 3
8 7
16 15
32 31
1024 63
1 4
8 5
32 13
128 45
1024 173
1 2
8 3
16 11
32 27
128 59
1024 187
4 32
64 36
128 100
1024 228
2 8
16 10
32 26
64 58
128 122
1024 250
1 16
256 17
1024 273
4 8
16 12
256 28
1024 284
1 4
8 5
16 13
64 29
256 93
1024 349
1 2
8 3
32 11
64 43
256 107
1024 363
2 16
32 18
128 50
256 178
1024 434
1 8
16 9
32 25
128 57
256 185
1024 441
2 4
16 6
64 22
128 86
256 214
1024 470
4 8
32 12
64 44
128 108
256 236
1024 492
2 4
16 6
512 22
1024 534
1 2
4 3
64 7
512 71
1024 583
1 4
16 5
64 21
512 85
1024 597
2 8
16 10
64 26
512 90
1024 602
1 4
8 5
16 13
32 29
64 61
512 125
1024 637
128 512
1024 640
1 2
4 3
8 7
32 15
128 47
512 175
1024 687
1 2
32 3
256 35
512 291
1024 803
2 8
64 10
256 74
512 330
1024 842
4 8
16 12
64 28
256 92
512 348
1024 860
1 2
16 3
32 19
64 51
256 115
512 371
1024 883
2 4
16 6
32 22
64 54
256 118
512 374
1024 886
8 128
256 136
512 392
1024 904
8 16
32 24
128 56
256 184
512 440
1024 952
1 2
4 3
8 7
2048 15
2 32
2048 34
1 4
64 5
2048 69
1 2
4 3
16 7
32 23
64 55
2048 119
1 2
4 3
16 7
128 23
2048 151
1 2
4 3
8 7
16 15
128 31
2048 159
32 128
2048 160
1 2
4 3
16 7
64 23
128 87
2048 215
1 4
32 5
64 37
128 101
2048 229
1 2
8 3
16 11
32 27
256 59
2048 315
8 64
256 72
2048 328
2 4
16 6
64 22
256 86
2048 342
128 256
2048 384
1 2
4 3
32 7
128 39
256 167
2048 423
2 8
64 10
128 74
256 202
2048 458
2 4
32 6
64 38
128 102
256 230
2048 486
1 4
8 5
32 13
64 45
128 109
256 237
2048 493
1 2
32 3
512 35
2048 547
1 8
32 9
64 41
512 105
2048 617
2 4
128 6
512 134
2048 646
2 4
8 6
32 14
128 46
512 174
2048 686
1 16
32 17
128 49
512 177
2048 689
1 2
8 3
16 11
64 27
128 91
512 219
2048 731
1 2
4 3
8 7
16 15
64 31
128 95
512 223
2048 735
1 2
4 3
16 7
256 23
512 279
2048 791
2 8
64 10
256 74
512 330
2048 842
1 2
8 3
32 11
64 43
256 107
512 363
2048 875
1 2
8 3
128 11
256 139
512 395
2048 907
1 2
8 3
32 11
128 43
256 171
512 427
2048 939
1 2
4 3
16 7
64 23
128 87
256 215
512 471
2048 983
1 8
16 9
64 25
128 89
256 217
512 473
2048 985
1 2
4 3
8 7
32 15
64 47
128 111
256 239
512 495
2048 1007
1 1024
2048 1025
1 2
16 3
64 19
1024 83
2048 1107
1 4
16 5
64 21
1024 85
2048 1109
2 4
8 6
16 14
128 30
1024 158
2048 1182
2 4
32 6
128 38
1024 166
2048 1190
1 2
64 3
128 67
1024 195
2048 1219
2 4
8 6
16 14
64 30
128 94
1024 222
2048 1246
1 4
32 5
64 37
128 101
1024 229
2048 1253
1 2
256 3
1024 259
2048 1283
2 8
16 10
32 26
256 58
1024 314
2048 1338
1 4
64 5
256 69
1024 325
2048 1349
2 16
32 18
64 50
256 114
1024 370
2048 1394
1 2
128 3
256 131
1024 387
2048 1411
1 2
16 3
128 19
256 147
1024 403
2048 1427
1 32
64 33
128 97
256 225
1024 481
2048 1505
1 4
8 5
16 13
512 29
1024 541
2048 1565
1 32
512 33
1024 545
2048 1569
1 2
4 3
32 7
512 39
1024 551
2048 1575
1 4
8 5
128 13
512 141
1024 653
2048 1677
4 32
128 36
512 164
1024 676
2048 1700
1 8
32 9
128 41
512 169
1024 681
2048 1705
1 64
128 65
512 193
1024 705
2048 1729
1 2
256 3
512 259
1024 771
2048 1795
1 32
256 33
512 289
1024 801
2048 1825
1 2
16 3
64 19
256 83
512 339
1024 851
2048 1875
4 8
32 12
64 44
256 108
512 364
1024 876
2048 1900
1 4
16 5
32 21
64 53
256 117
512 373
1024 885
2048 1909
4 8
16 12
128 28
256 156
512 412
1024 924
2048 1948
1 4
8 5
16 13
32 29
128 61
256 189
512 445
1024 957
2048 1981
2 4
8 6
32 14
64 46
128 110
256 238
512 494
1024 1006
2048 2030
1 2
4 3
16 7
32 23
64 55
128 119
256 247
512 503
1024 1015
2048 2039
16 32
4096 48
1 2
16 3
32 19
4096 51
2 4
64 6
4096 70
16 32
64 48
4096 112
1 4
8 5
32 13
128 45
4096 173
4 8
16 12
32 28
128 60
4096 188
1 8
16 9
64 25
128 89
4096 217
8 32
256 40
4096 296
1 2
4 3
8 7
64 15
256 79
4096 335
2 4
8 6
32 14
64 46
256 110
4096 366
4 8
128 12
256 140
4096 396
1 2
32 3
128 35
256 163
4096 419
1 2
4 3
8 7
16 15
32 31
128 63
256 191
4096 447
1 2
4 3
16 7
32 23
64 55
128 119
256 247
4096 503
1 16
512 17
4096 529
4 16
512 20
4096 532
2 4
16 6
32 22
512 54
4096 566
1 8
16 9
32 25
64 57
512 121
4096 633
2 8
16 10
128 26
512 154
4096 666
1 2
8 3
16 11
32 27
128 59
512 187
4096 699
16 64
128 80
512 208
4096 720
1 16
64 17
128 81
512 209
4096 721
1 2
4 3
256 7
512 263
4096 775
1 2
16 3
32 19
256 51
512 307
4096 819
2 4
64 6
256 70
512 326
4096 838
4 32
64 36
256 100
512 356
4096 868
1 8
32 9
128 41
256 169
512 425
4096 937
1 2
16 3
32 19
128 51
256 179
512 435
4096 947
1 4
64 5
128 69
256 197
512 453
4096 965
1 8
32 9
64 41
128 105
256 233
512 489
4096 1001
1 2
4 3
16 7
1024 23
4096 1047
4 8
16 12
32 28
1024 60
4096 1084
1 2
4 3
8 7
16 15
32 31
1024 63
4096 1087
1 2
64 3
1024 67
4096 1091
16 32
64 48
1024 112
4096 1136
4 64
128 68
1024 196
4096 1220
1 4
16 5
64 21
128 85
1024 213
4096 1237
4 256
1024 260
4096 1284
1 2
16 3
256 19
1024 275
4096 1299
16 64
256 80
1024 336
4096 1360
8 16
64 24
256 88
1024 344
4096 1368
4 16
128 20
256 148
1024 404
4096 1428
1 2
4 3
16 7
128 23
256 151
1024 407
4096 1431
1 64
128 65
256 193
1024 449
4096 1473
8 16
64 24
128 88
256 216
1024 472
4096 1496
1 8
16 9
64 25
128 89
256 217
1024 473
4096 1497
4 8
16 12
512 28
1024 540
4096 1564
2 4
8 6
16 14
64 30
512 94
1024 606
4096 1630
1 16
32 17
64 49
512 113
1024 625
4096 1649
1 2
4 3
8 7
16 15
128 31
512 159
1024 671
4096 1695
4 8
16 12
32 28
128 60
512 188
1024 700
4096 1724
1 4
8 5
16 13
64 29
128 93
512 221
1024 733
4096 1757
1 2
8 3
16 11
32 27
64 59
128 123
512 251
1024 763
4096 1787
1 2
4 3
16 7
256 23
512 279
1024 791
4096 1815
4 16
32 20
256 52
512 308
1024 820
4096 1844
1 2
4 3
8 7
32 15
64 47
256 111
512 367
1024 879
4096 1903
2 4
8 6
16 14
32 30
64 62
256 126
512 382
1024 894
4096 1918
32 128
256 160
512 416
1024 928
4096 1952
4 16
64 20
128 84
256 212
512 468
1024 980
4096 2004
4 8
16 12
64 28
128 92
256 220
512 476
1024 988
4096 2012
1 4
8 5
2048 13
4096 2061
4 8
32 12
2048 44
4096 2092
4 8
16 12
32 28
2048 60
4096 2108
1 4
8 5
16 13
64 29
2048 93
4096 2141
1 16
32 17
64 49
2048 113
4096 2161
128 2048
4096 2176
1 8
128 9
2048 137
4096 2185
1 8
16 9
32 25
128 57
2048 185
4096 2233
2 4
8 6
64 14
128 78
2048 206
4096 2254
1 2
4 3
256 7
2048 263
4096 2311
1 2
8 3
64 11
256 75
2048 331
4096 2379
1 2
4 3
8 7
16 15
64 31
256 95
2048 351
4096 2399
1 4
32 5
128 37
256 165
2048 421
4096 2469
1 8
16 9
32 25
128 57
256 185
2048 441
4096 2489
4 32
64 36
128 100
256 228
2048 484
4096 2532
4 16
32 20
64 52
128 116
256 244
2048 500
4096 2548
1 2
4 3
16 7
512 23
2048 535
4096 2583
1 2
32 3
512 35
2048 547
4096 2595
1 16
32 17
512 49
2048 561
4096 2609
2 8
16 10
32 26
512 58
2048 570
4096 2618
1 2
16 3
128 19
512 147
2048 659
4096 2707
8 64
128 72
512 200
2048 712
4096 2760
4 8
64 12
128 76
512 204
2048 716
4096 2764
1 2
32 3
64 35
128 99
512 227
2048 739
4096 2787
8 16
32 24
64 56
128 120
512 248
2048 760
4096 2808
1 64
256 65
512 321
2048 833
4096 2881
4 8
32 12
64 44
256 108
512 364
2048 876
4096 2924
2 16
32 18
64 50
256 114
512 370
2048 882
4096 2930
1 2
4 3
8 7
16 15
128 31
256 159
512 415
2048 927
4096 2975
4 8
16 12
32 28
128 60
256 188
512 444
2048 956
4096 3004
1 4
64 5
128 69
256 197
512 453
2048 965
4096 3013
1 16
32 17
64 49
128 113
256 241
512 497
2048 1009
4096 3057
2 4
16 6
32 22
64 54
128 118
256 246
512 502
2048 1014
4096 3062
8 16
1024 24
2048 1048
4096 3096
2 4
8 6
16 14
32 30
1024 62
2048 1086
4096 3134
2 4
64 6
1024 70
2048 1094
4096 3142
1 4
8 5
32 13
128 45
1024 173
2048 1197
4096 3245
2 8
64 10
128 74
1024 202
2048 1226
4096 3274
1 4
256 5
1024 261
2048 1285
4096 3333
1 2
16 3
256 19
1024 275
2048 1299
4096 3347
1 2
4 3
8 7
32 15
256 47
1024 303
2048 1327
4096 3375
2 4
8 6
64 14
256 78
1024 334
2048 1358
4096 3406
2 16
32 18
64 50
256 114
1024 370
2048 1394
4096 3442
4 16
128 20
256 148
1024 404
2048 1428
4096 3476
8 16
32 24
128 56
256 184
1024 440
2048 1464
4096 3512
2 8
16 10
64 26
128 90
256 218
1024 474
2048 1498
4096 3546
4 512
1024 516
2048 1540
4096 3588
4 8
512 12
1024 524
2048 1548
4096 3596
4 16
64 20
512 84
1024 596
2048 1620
4096 3668
4 8
16 12
64 28
512 92
1024 604
2048 1628
4096 3676
4 8
16 12
32 28
64 60
512 124
1024 636
2048 1660
4096 3708
1 2
16 3
32 19
128 51
512 179
1024 691
2048 1715
4096 3763
4 8
16 12
64 28
128 92
512 220
1024 732
2048 1756
4096 3804
1 4
16 5
32 21
64 53
128 117
512 245
1024 757
2048 1781
4096 3829
1 256
512 257
1024 769
2048 1793
4096 3841
1 8
256 9
512 265
1024 777
2048 1801
4096 3849
8 16
256 24
512 280
1024 792
2048 1816
4096 3864
1 2
4 3
8 7
16 15
32 31
64 63
256 127
512 383
1024 895
2048 1919
4096 3967
1 2
8 3
16 11
128 27
256 155
512 411
1024 923
2048 1947
4096 3995
32 128
256 160
512 416
1024 928
2048 1952
4096 4000
8 64
128 72
256 200
512 456
1024 968
2048 1992
4096 4040
4 8192
1 2
32 3
8192 35
2 4
64 6
8192 70
1 2
4 3
8 7
64 15
8192 79
8 128
8192 136
1 2
4 3
8 7
32 15
128 47
8192 175
1 8
16 9
32 25
128 57
8192 185
1 4
8 5
16 13
32 29
128 61
8192 189
1 2
16 3
32 19
64 51
128 115
8192 243
2 4
16 6
32 22
64 54
128 118
8192 246
2 4
32 6
256 38
8192 294
1 2
4 3
8 7
16 15
32 31
256 63
8192 319
1 2
4 3
32 7
64 39
256 103
8192 359
2 128
256 130
8192 386
1 8
128 9
256 137
8192 393
8 16
32 24
64 56
128 120
256 248
8192 504
4 512
8192 516
1 4
512 5
8192 517
1 16
64 17
512 81
8192 593
2 4
16 6
64 22
512 86
8192 598
1 2
8 3
16 11
128 27
512 155
8192 667
2 8
32 10
128 42
512 170
8192 682
4 8
32 12
128 44
512 172
8192 684
1 16
64 17
128 81
512 209
8192 721
1 2
4 3
8 7
32 15
64 47
128 111
512 239
8192 751
1 4
64 5
256 69
512 325
8192 837
1 2
8 3
32 11
64 43
256 107
512 363
8192 875
4 8
16 12
32 28
64 60
256 124
512 380
8192 892
1 2
4 3
8 7
128 15
256 143
512 399
8192 911
1 2
4 3
8 7
16 15
128 31
256 159
512 415
8192 927
32 128
256 160
512 416
8192 928
2 8
16 10
64 26
128 90
256 218
512 474
8192 986
16 1024
8192 1040
1 2
16 3
32 19
1024 51
8192 1075
1 2
4 3
8 7
64 15
1024 79
8192 1103
1 4
32 5
64 37
1024 101
8192 1125
1 2
4 3
8 7
16 15
128 31
1024 159
8192 1183
4 64
128 68
1024 196
8192 1220
2 16
64 18
128 82
1024 210
8192 1234
4 32
64 36
128 100
1024 228
8192 1252
2 16
32 18
256 50
1024 306
8192 1330
2 4
16 6
64 22
256 86
1024 342
8192 1366
128 256
1024 384
8192 1408
16 128
256 144
1024 400
8192 1424
1 32
128 33
256 161
1024 417
8192 1441
8 16
64 24
128 88
256 216
1024 472
8192 1496
4 8
16 12
32 28
64 60
128 124
256 252
1024 508
8192 1532
1 2
4 3
8 7
16 15
512 31
1024 543
8192 1567
8 32
512 40
1024 552
8192 1576
2 8
32 10
512 42
1024 554
8192 1578
2 16
32 18
64 50
512 114
1024 626
8192 1650
1 2
8 3
16 11
128 27
512 155
1024 667
8192 1691
1 4
8 5
16 13
32 29
128 61
512 189
1024 701
8192 1725
1 2
8 3
32 11
64 43
128 107
512 235
1024 747
8192 1771
1 2
256 3
512 259
1024 771
8192 1795
