387
1 1
2 1
3 1
4 1
5 1
6 1
7 1
8 1
9 1
10 1
11 1
12 1
13 1
14 1
15 1
16 1
17 1
18 1
19 1
20 1
21 1
22 1
23 1
24 1
25 1
26 1
27 1
28 1
29 1
30 1
31 1
32 1
33 1
34 1
35 1
36 1
37 1
38 1
39 1
40 1
41 1
42 1
43 1
44 1
45 1
46 1
47 1
48 1
49 1
50 1
51 1
52 1
53 1
54 1
55 1
56 1
57 1
58 1
59 1
60 1
61 1
62 1
63 1
64 1
65 1
66 1
67 1
68 1
69 1
70 1
71 1
72 1
73 51
124 25
149 45
194 29
223 7
230 65
295 28
323 10
333 15
348 73
421 13
434 18
452 17
469 39
508 23
531 4
535 62
597 27
624 19
643 23
666 9
675 73
748 1
749 57
806 34
840 56
896 35
931 8
939 57
996 4
1000 19
1019 41
1060 3
1063 24
1087 73
1160 37
1197 14
1211 41
1252 22
1274 23
1297 11
1308 65
1373 14
1387 71
1458 7
1465 29
1494 22
1516 42
1558 49
1607 14
1621 5
1626 35
1661 3
1664 47
1711 73
1784 43
1827 39
1866 18
1884 23
1907 3
1910 18
1928 48
1976 73
2049 14
2063 19
2082 35
2117 50
2167 32
2199 8
2207 1
2208 55
2263 14
2277 73
2350 13
2363 13
2376 14
2390 42
2432 39
2471 35
2506 28
2534 7
2541 54
2595 70
2665 29
2694 40
2734 3
2737 42
2779 4
2783 56
2839 51
2890 33
2923 32
2955 32
2987 44
3031 2
3033 22
3055 18
3073 73
3146 9
3155 2
3157 73
3230 8
3238 29
3267 27
3294 7
3301 30
3331 55
3386 11
3397 45
3442 17
3459 16
3475 73
3548 5
3553 60
3613 4
3617 6
3623 73
3696 29
3725 23
3748 5
3753 24
3777 66
3843 30
3873 50
3923 25
3948 9
3957 39
3996 33
4029 49
4078 9
4087 57
4144 3
4147 19
4166 42
4208 61
4269 15
4284 29
4313 73
4386 6
4392 39
4431 31
4462 30
4492 23
4515 28
4543 56
4599 26
4625 3
4628 34
4662 67
4729 33
4762 33
4795 21
4816 1
4817 54
4871 44
4915 19
4934 30
4964 69
5033 10
5043 18
5061 36
5097 46
5143 37
5180 3
5183 4
5187 45
5232 73
5305 11
5316 17
5333 47
5380 15
5395 61
5456 8
5464 60
5524 3
5527 42
5569 23
5592 1
5593 67
5660 66
5726 19
5745 46
5791 29
5820 33
5853 30
5883 28
5911 29
5940 59
5999 15
6014 34
6048 52
6100 8
6108 49
6157 31
6188 16
6204 33
6237 20
6257 15
6272 9
6281 48
6329 21
6350 57
6407 68
6475 20
6495 70
6565 20
6585 43
6628 16
6644 35
6679 12
6691 14
6705 9
6714 73
6787 16
6803 53
6856 4
6860 23
6883 21
6904 73
6977 43
7020 6
7026 45
7071 29
7100 9
7109 44
7153 5
7158 34
7192 38
7230 8
7238 73
7311 30
7341 29
7370 59
7429 14
7443 28
7471 31
7502 36
7538 34
7572 36
7608 34
7642 42
7684 8
7692 72
7764 8
7772 32
7804 55
7859 41
7900 25
7925 12
7937 8
7945 15
7960 73
8033 30
8063 28
8091 5
8096 40
8136 60
8196 31
8227 35
8262 9
8271 57
8328 39
8367 10
8377 4
8381 54
8435 3
8438 48
8486 25
8511 40
8551 27
8578 7
8585 73
8658 38
8696 12
8708 1
8709 73
8782 3
8785 5
8790 69
8859 15
8874 2
8876 37
8913 30
8943 73
9016 13
9029 38
9067 17
9084 19
9103 16
9119 1
9120 58
9178 54
9232 35
9267 28
9295 22
9317 58
9375 37
9412 14
9426 18
9444 73
9517 5
9522 36
9558 42
9600 16
9616 17
9633 55
9688 36
9724 35
9759 9
9768 2
9770 72
9842 41
9883 34
9917 46
9963 24
