347
1 1
2 2
2 4
6 6
12 12
24 24
48 12
1 60
61 6
4 67
71 48
119 4
1 123
124 24
1 148
71 123
194 24
218 4
1 222
12 218
230 61
4 291
295 24
4 319
323 6
4 329
333 12
345 2
1 347
348 71
419 12
431 2
1 433
119 333
124 345
469 24
493 12
505 2
1 507
24 507
4 531
535 61
1 596
119 505
295 348
319 347
223 452
218 531
749 48
797 6
803 2
1 805
333 507
230 666
896 24
920 6
926 4
1 930
431 508
939 48
987 6
993 2
1 995
4 996
24 995
60 1000
67 996
24 1063
531 666
124 1087
1211 24
1235 12
1247 4
1 1251
348 926
1274 12
1286 6
1292 4
1 1296
12 1296
434 939
1373 12
2 1385
71 1387
218 1247
431 1063
230 1286
323 1235
149 1458
329 1292
329 1297
666 995
148 1516
419 1292
333 1494
493 1373
223 1661
920 987
452 1458
434 1494
48 1928
505 1558
624 1458
920 1197
920 1247
223 1976
323 1884
1 2207
805 1458
2263 12
2 2275
805 1558
469 1907
223 2167
806 1626
194 2277
596 1910
452 2082
333 2208
61 2534
124 2541
223 2471
535 2199
347 2390
347 2432
4 2779
60 2779
295 2595
452 2471
218 2737
148 2839
2987 24
3011 12
3023 6
2 3029
2 3031
24 3031
3055 12
6 3067
124 3031
2 3155
493 2737
348 2890
194 3073
931 2363
71 3230
597 2734
119 3267
507 2890
148 3294
1251 2208
452 3023
222 3331
60 3553
4 3613
6 3617
431 3294
675 3073
452 3301
24 3753
230 3613
148 3725
1000 2923
223 3725
926 3031
48 3948
643 3386
840 3238
930 3157
148 3996
60 4087
218 3948
61 4147
61 4208
507 3777
1019 3294
123 4269
223 4208
149 4313
61 4431
123 4392
230 4313
433 4166
194 4431
1297 3331
119 4543
67 4662
493 4269
333 4462
1063 3753
1 4816
1884 2987
749 4166
419 4515
148 4816
434 4599
896 4147
433 4628
469 4628
348 4795
119 5061
1235 3948
4 5183
840 4392
5232 71
5303 12
1 5315
1385 3948
148 5232
431 4964
61 5395
148 5316
60 5464
71 5456
508 5061
531 5061
1 5592
67 5593
931 4795
218 5527
222 5569
505 5315
329 5524
223 5660
319 5592
149 5791
535 5464
194 5820
987 5061
507 5593
60 6048
431 5726
596 5592
1387 4817
223 6014
149 6108
419 5853
24 6257
48 6281
624 5726
1976 4431
194 6281
223 6272
996 5569
348 6237
347 6281
149 6495
329 6350
12 6679
61 6644
149 6565
124 6679
291 6565
4 6856
1000 5883
48 6856
333 6644
329 6691
6 7020
596 6475
123 6977
1516 5593
803 6350
1247 5911
920 6272
347 6883
218 7020
149 7192
805 6565
329 7100
1286 6157
996 6475
431 7071
67 7471
419 7153
508 7100
1235 6407
531 7153
666 7026
1607 6157
329 7443
333 7471
1274 6585
996 6904
1211 6714
12 7925
1664 6281
60 7900
291 7772
319 7772
987 7109
452 7684
60 8136
535 7692
2263 5999
507 7764
469 7859
508 7859
452 7925
4 8377
535 7900
61 8377
48 8438
939 7572
223 8328
67 8511
218 8367
319 8377
12 8696
1 8708
347 8438
931 7859
348 8511
323 8551
2 8874
123 8790
67 8876
333 8696
124 8943
993 8091
2199 6904
329 8790
1 9119
149 9029
148 9084
148 9119
419 8876
806 8511
291 9084
345 9067
194 9232
149 9295
419 9103
291 9267
333 9267
920 8696
1252 8381
1884 7804
124 9600
71 9688
1060 8708
2 9768
1465 8377
124 9759
149 9768
347 9616
24 9963
