381
1 1
2 2
4 2
6 6
12 12
24 24
12 1
48 13
6 4
61 10
4 1
48 5
71 53
24 1
124 25
6 1
13 7
25 20
149 45
25 4
194 29
223 7
61 4
230 65
2 1
25 3
295 28
323 10
13 2
333 15
71 15
348 86
15 3
434 18
15 2
452 17
29 10
469 39
20 3
508 23
531 4
61 1
535 62
25 2
597 27
18 1
624 19
643 23
7 2
666 9
71 3
675 74
53 4
749 57
29 5
806 34
53 3
840 56
34 1
896 35
7 1
931 8
939 57
996 4
1000 19
39 2
1019 41
1060 3
1063 24
86 24
1087 110
13 1
1197 14
1211 41
20 2
1252 22
1274 23
10 1
1297 11
1308 65
1373 14
1387 71
1458 7
1465 29
1494 22
41 1
1516 42
48 1
1558 49
1607 14
1621 5
1626 35
1661 3
45 2
1664 47
110 6
1711 116
1827 39
1866 18
1884 23
1907 3
1910 18
1928 48
86 1
1976 87
2063 19
2082 35
49 1
2117 50
29 3
2167 32
2199 8
2207 1
53 2
2208 55
2263 14
2277 86
2363 13
2376 14
2390 42
2432 39
2471 35
2506 28
2534 7
53 1
2541 54
65 5
2595 70
2665 29
39 1
2694 40
2734 3
2737 42
2779 4
2783 56
50 1
2839 51
32 1
2890 33
2923 32
2955 32
42 2
2987 44
3031 2
3033 22
3055 18
74 8
3073 82
3155 2
71 2
3157 73
3230 8
3238 29
3267 27
3294 7
29 1
3301 30
3331 55
3386 11
3397 45
3442 17
15 1
3459 16
74 4
3475 78
57 3
3553 60
3613 4
3617 6
87 15
3623 102
3725 23
3748 5
3753 24
65 1
3777 66
3843 30
3873 50
3923 25
3948 9
3957 39
3996 33
4029 49
4078 9
4087 57
4144 3
4147 19
4166 42
4208 61
4269 15
4284 29
78 1
4313 79
4392 39
30 1
4431 31
4462 30
4492 23
4515 28
4543 56
25 1
4599 26
4625 3
4628 34
66 1
4662 67
4729 33
4762 33
20 1
4795 21
4816 1
4817 54
4871 44
4915 19
4934 30
67 2
4964 69
5033 10
5043 18
35 1
5061 36
45 1
5097 46
36 1
5143 37
5180 3
5183 4
5187 45
82 2
5232 84
5316 17
5333 47
5380 15
5395 61
5456 8
5464 60
5524 3
5527 42
5569 23
5592 1
5593 67
5660 66
5726 19
5745 46
5791 29
5820 33
5853 30
5883 28
5911 29
57 2
5940 59
5999 15
6014 34
51 1
6048 52
6100 8
6108 49
6157 31
6188 16
6204 33
6237 20
6257 15
6272 9
6281 48
6329 21
6350 57
67 1
6407 68
6475 20
6495 70
6565 20
42 1
6585 43
6628 16
6644 35
6679 12
6691 14
6705 9
87 2
6714 89
6803 53
6856 4
6860 23
6883 21
6904 73
6977 43
7020 6
7026 45
7071 29
7100 9
7109 44
7153 5
7158 34
37 1
7192 38
7230 8
102 1
7238 103
7341 29
7370 59
7429 14
7443 28
7471 31
7502 36
7538 34
7572 36
7608 34
7642 42
7684 8
71 1
7692 72
7764 8
7772 32
7804 55
7859 41
7900 25
7925 12
7937 8
7945 15
7960 103
8063 28
8091 5
8096 40
8136 60
8196 31
8227 35
8262 9
8271 57
8328 39
8367 10
8377 4
8381 54
8435 3
8438 48
8486 25
8511 40
8551 27
8578 7
110 1
8585 111
8696 12
8708 1
74 2
8709 76
8785 5
8790 69
8859 15
8874 2
8876 37
8913 30
8943 86
9029 38
9067 17
9084 19
9103 16
9119 1
57 1
9120 58
9178 54
9232 35
9267 28
9295 22
9317 58
9375 37
9412 14
9426 18
9444 78
9522 36
9558 42
9600 16
9616 17
9633 55
9688 36
9724 35
9759 9
9768 2
9770 72
9842 41
9883 34
9917 46
9963 24
