833
1 1
2 1
3 1
4 1
5 1
1 6
7 6
13 6
19 6
25 6
31 6
37 6
43 6
49 6
55 6
1 61
62 7
69 2
1 71
72 49
121 3
1 124
125 19
144 5
1 149
150 43
193 1
1 194
195 25
220 3
1 223
224 6
1 230
231 62
293 2
1 295
296 25
321 2
1 323
324 7
331 2
1 333
334 13
347 1
1 348
349 72
421 13
1 434
435 13
448 4
1 452
453 13
466 3
1 469
470 37
507 1
1 508
509 19
528 3
1 531
532 3
1 535
536 61
1 597
598 25
623 1
1 624
625 13
638 5
1 643
644 19
663 3
1 666
667 7
674 1
1 675
676 72
748 1
1 749
750 55
805 1
1 806
807 31
838 2
1 840
841 55
1 896
897 31
928 3
1 931
932 7
1 939
940 55
995 1
1 996
997 3
1 1000
1001 13
1014 5
1 1019
1020 37
1057 3
1 1060
1061 2
1 1063
1064 19
1083 4
1 1087
1088 72
1160 37
1 1197
1198 13
1 1211
1212 37
1249 3
1 1252
1253 19
1272 2
1 1274
1275 19
1294 3
1 1297
1298 7
1305 3
1 1308
1309 62
1371 2
1 1373
1374 13
1 1387
1388 69
1457 1
1 1458
1459 6
1 1465
1466 25
1491 3
1 1494
1495 19
1514 2
1 1516
1517 37
1554 4
1 1558
1559 43
1602 5
1 1607
1608 13
1 1621
1622 4
1 1626
1627 31
1658 3
1 1661
1662 2
1 1664
1665 43
1708 3
1 1711
1712 72
1784 43
1 1827
1828 37
1865 1
1 1866
1867 13
1880 4
1 1884
1885 19
1904 3
1 1907
1908 2
1 1910
1911 13
1924 4
1 1928
1929 43
1972 4
1 1976
1977 72
2049 13
2062 1
1 2063
2064 13
2077 5
1 2082
2083 31
2114 3
1 2117
2118 49
1 2167
2168 31
1 2199
2200 7
1 2207
1 2208
2209 49
2258 5
1 2263
2264 13
1 2277
2278 72
2350 13
1 2363
2364 7
2371 5
1 2376
2377 13
1 2390
2391 37
2428 4
1 2432
2433 37
2470 1
1 2471
2472 31
2503 3
1 2506
2507 25
2532 2
1 2534
2535 6
1 2541
2542 49
2591 4
1 2595
2596 69
1 2665
2666 25
2691 3
1 2694
2695 37
2732 2
1 2734
2735 2
1 2737
2738 37
2775 4
1 2779
2780 3
1 2783
2784 55
1 2839
2840 49
2889 1
1 2890
2891 31
2922 1
1 2923
2924 31
1 2955
2956 31
1 2987
2988 43
1 3031
3032 1
1 3033
3034 19
3053 2
1 3055
3056 13
3069 4
1 3073
3074 72
3146 7
3153 2
1 3155
3156 1
1 3157
3158 72
1 3230
3231 7
1 3238
3239 25
3264 3
1 3267
3268 25
3293 1
1 3294
3295 6
1 3301
3302 25
3327 4
1 3331
3332 49
3381 5
1 3386
3387 7
3394 3
1 3397
3398 43
3441 1
1 3442
3443 13
3456 3
1 3459
3460 13
3473 2
1 3475
3476 72
3548 5
1 3553
3554 55
3609 4
1 3613
3614 3
1 3617
3618 5
1 3623
3624 72
3696 25
3721 4
1 3725
3726 19
3745 3
1 3748
3749 4
1 3753
3754 19
3773 4
1 3777
3778 62
3840 3
1 3843
3844 25
3869 4
1 3873
3874 49
1 3923
3924 19
3943 5
1 3948
3949 7
3956 1
1 3957
3958 37
3995 1
1 3996
3997 31
4028 1
1 4029
4030 43
4073 5
1 4078
4079 7
4086 1
1 4087
4088 55
4143 1
1 4144
4145 2
1 4147
4148 13
4161 5
1 4166
4167 37
4204 4
1 4208
4209 55
4264 5
1 4269
4270 13
4283 1
1 4284
4285 25
4310 3
1 4313
4314 72
4386 6
1 4392
4393 37
4430 1
1 4431
4432 25
4457 5
1 4462
4463 25
4488 4
1 4492
4493 19
4512 3
1 4515
4516 25
4541 2
1 4543
4544 55
1 4599
4600 25
1 4625
4626 2
1 4628
4629 31
4660 2
1 4662
4663 62
4725 4
1 4729
4730 31
4761 1
1 4762
4763 31
4794 1
1 4795
4796 19
4815 1
1 4816
1 4817
4818 49
4867 4
1 4871
4872 43
1 4915
4916 13
4929 5
1 4934
4935 25
4960 4
1 4964
4965 62
5027 6
1 5033
5034 7
5041 2
1 5043
5044 13
5057 4
1 5061
5062 31
5093 4
1 5097
5098 43
5141 2
1 5143
5144 31
5175 5
1 5180
5181 2
1 5183
5184 3
1 5187
5188 43
5231 1
1 5232
5233 72
5305 7
5312 4
1 5316
5317 13
5330 3
1 5333
5334 43
5377 3
1 5380
5381 13
5394 1
1 5395
5396 55
5451 5
1 5456
5457 7
1 5464
5465 55
5520 4
1 5524
5525 2
1 5527
5528 37
5565 4
1 5569
5570 19
5589 3
1 5592
1 5593
5594 62
5656 4
1 5660
5661 62
5723 3
1 5726
5727 13
5740 5
1 5745
5746 43
5789 2
1 5791
5792 25
5817 3
1 5820
5821 31
5852 1
1 5853
5854 25
5879 4
1 5883
5884 25
5909 2
1 5911
5912 25
5937 3
1 5940
5941 55
5996 3
1 5999
6000 13
6013 1
1 6014
6015 31
6046 2
1 6048
6049 49
6098 2
1 6100
6101 7
1 6108
6109 43
6152 5
1 6157
6158 25
6183 5
1 6188
6189 13
6202 2
1 6204
6205 31
6236 1
1 6237
6238 19
1 6257
6258 13
6271 1
1 6272
6273 7
6280 1
1 6281
6282 43
6325 4
1 6329
6330 19
6349 1
1 6350
6351 55
6406 1
1 6407
6408 62
6470 5
1 6475
6476 19
1 6495
6496 69
1 6565
6566 19
1 6585
6586 37
6623 5
1 6628
6629 13
6642 2
1 6644
6645 31
6676 3
1 6679
6680 7
6687 4
1 6691
6692 13
1 6705
6706 7
6713 1
1 6714
6715 72
6787 13
6800 3
1 6803
6804 49
6853 3
1 6856
6857 3
1 6860
6861 19
6880 3
1 6883
6884 19
6903 1
1 6904
6905 72
1 6977
6978 37
7015 5
1 7020
7021 5
1 7026
7027 43
7070 1
1 7071
7072 25
7097 3
1 7100
7101 7
7108 1
1 7109
7110 43
1 7153
7154 4
1 7158
7159 31
7190 2
1 7192
7193 37
1 7230
7231 7
1 7238
7239 72
7311 25
7336 5
1 7341
7342 25
7367 3
1 7370
7371 55
7426 3
1 7429
7430 13
1 7443
7444 25
7469 2
1 7471
7472 25
7497 5
1 7502
7503 31
7534 4
1 7538
7539 31
7570 2
1 7572
7573 31
7604 4
1 7608
7609 31
7640 2
1 7642
7643 37
7680 4
1 7684
7685 7
1 7692
7693 71
1 7764
7765 7
1 7772
7773 31
1 7804
7805 49
7854 5
1 7859
7860 37
7897 3
1 7900
7901 19
7920 5
1 7925
7926 7
7933 4
1 7937
7938 7
1 7945
7946 13
7959 1
1 7960
7961 72
8033 25
8058 5
1 8063
8064 25
8089 2
1 8091
8092 4
1 8096
8097 37
8134 2
1 8136
8137 55
8192 4
1 8196
8197 25
8222 5
1 8227
8228 31
8259 3
1 8262
8263 7
8270 1
1 8271
8272 55
8327 1
1 8328
8329 37
8366 1
1 8367
8368 7
8375 2
1 8377
8378 3
1 8381
8382 49
8431 4
1 8435
8436 2
1 8438
8439 43
8482 4
1 8486
8487 19
8506 5
1 8511
8512 37
8549 2
1 8551
8552 25
8577 1
1 8578
8579 6
1 8585
8586 72
8658 37
8695 1
1 8696
8697 7
8704 4
1 8708
1 8709
8710 72
8782 3
1 8785
8786 4
1 8790
8791 62
8853 6
1 8859
8860 13
8873 1
1 8874
8875 1
1 8876
8877 31
8908 5
1 8913
8914 25
8939 4
1 8943
8944 72
9016 13
1 9029
9030 37
1 9067
9068 13
9081 3
1 9084
9085 13
9098 5
1 9103
9104 13
9117 2
1 9119
1 9120
9121 55
9176 2
1 9178
9179 49
9228 4
1 9232
9233 31
9264 3
1 9267
9268 25
9293 2
1 9295
9296 19
9315 2
1 9317
9318 55
9373 2
1 9375
9376 31
9407 5
1 9412
9413 13
1 9426
9427 13
9440 4
1 9444
9445 72
9517 5
1 9522
9523 31
9554 4
1 9558
9559 37
9596 4
1 9600
9601 13
9614 2
1 9616
9617 13
9630 3
1 9633
9634 49
9683 5
1 9688
9689 31
9720 4
1 9724
9725 31
9756 3
1 9759
9760 7
9767 1
1 9768
9769 1
1 9770
9771 71
1 9842
9843 37
9880 3
1 9883
9884 31
9915 2
1 9917
9918 43
9961 2
1 9963
9964 19
9983 4
