986
1 1
2 1
3 1
4 1
5 1
6 6
12 12
24 24
48 12
60 1
61 6
67 3
70 1
71 48
119 4
123 1
124 24
148 1
149 24
173 12
185 6
191 2
193 1
194 24
218 4
222 1
223 6
229 1
230 61
291 3
294 1
295 24
319 3
322 1
323 6
329 3
332 1
333 12
345 2
347 1
348 71
419 12
431 2
433 1
434 12
446 5
451 1
452 12
464 4
468 1
469 24
493 12
505 2
507 1
508 12
520 6
526 4
530 1
531 3
534 1
535 61
596 1
597 24
621 2
623 1
624 12
636 6
642 1
643 12
655 6
661 4
665 1
666 6
672 2
674 1
675 71
746 2
748 1
749 48
797 6
803 2
805 1
806 24
830 6
836 3
839 1
840 48
888 6
894 1
895 1
896 24
920 6
926 4
930 1
931 6
937 1
938 1
939 48
987 6
993 2
995 1
996 3
999 1
1000 12
1012 6
1018 1
1019 24
1043 12
1055 4
1059 1
1060 2
1062 1
1063 12
1075 6
1081 5
1086 1
1087 71
1158 24
1182 12
1194 2
1196 1
1197 12
1209 1
1210 1
1211 24
1235 12
1247 4
1251 1
1252 12
1264 6
1270 3
1273 1
1274 12
1286 6
1292 4
1296 1
1297 6
1303 4
1307 1
1308 61
1369 3
1372 1
1373 12
1385 1
1386 1
1387 70
1457 1
1458 6
1464 1
1465 24
1489 4
1493 1
1494 12
1506 6
1512 3
1515 1
1516 24
1540 12
1552 5
1557 1
1558 48
1606 1
1607 12
1619 1
1620 1
1621 4
1625 1
1626 24
1650 6
1656 4
1660 1
1661 2
1663 1
1664 24
1688 12
1700 6
1706 4
1710 1
1711 71
1782 24
1806 12
1818 6
1824 2
1826 1
1827 24
1851 12
1863 2
1865 1
1866 12
1878 5
1883 1
1884 12
1896 6
1902 4
1906 1
1907 2
1909 1
1910 12
1922 5
1927 1
1928 24
1952 12
1964 6
1970 5
1975 1
1976 71
2047 12
2059 3
2062 1
2063 12
2075 6
2081 1
2082 24
2106 6
2112 4
2116 1
2117 48
2165 1
2166 1
2167 24
2191 6
2197 1
2198 1
2199 6
2205 1
2206 1
2207 1
2208 48
2256 6
2262 1
2263 12
2275 1
2276 1
2277 71
2348 12
2360 2
2362 1
2363 12
2375 1
2376 12
2388 1
2389 1
2390 24
2414 12
2426 5
2431 1
2432 24
2456 12
2468 2
2470 1
2471 24
2495 6
2501 4
2505 1
2506 24
2530 3
2533 1
2534 6
2540 1
2541 48
2589 5
2594 1
2595 67
2662 2
2664 1
2665 24
2689 4
2693 1
2694 24
2718 12
2730 3
2733 1
2734 2
2736 1
2737 24
2761 12
2773 5
2778 1
2779 3
2782 1
2783 48
2831 6
2837 1
2838 1
2839 48
2887 2
2889 1
2890 24
2914 6
2920 2
2922 1
2923 24
2947 6
2953 1
2954 1
2955 24
2979 6
2985 1
2986 1
2987 24
3011 12
3023 6
3029 1
3030 1
3031 1
3032 1
3033 12
3045 6
3051 3
3054 1
3055 12
3067 5
3072 1
3073 71
3144 6
3150 4
3154 1
3155 1
3156 1
3157 71
3228 1
3229 1
3230 6
3236 1
3237 1
3238 24
3262 4
3266 1
3267 24
3291 2
3293 1
3294 6
3300 1
3301 24
3325 5
3330 1
3331 48
3379 6
3385 1
3386 6
3392 4
3396 1
3397 24
3421 12
3433 6
3439 2
3441 1
3442 12
3454 4
3458 1
3459 12
3471 3
3474 1
3475 71
3546 6
3552 1
3553 48
3601 6
3607 5
3612 1
3613 3
3616 1
3617 5
3622 1
3623 71
3694 24
3718 6
3724 1
3725 12
3737 6
3743 4
3747 1
3748 4
3752 1
3753 12
3765 6
3771 5
3776 1
3777 61
3838 4
3842 1
3843 24
3867 5
3872 1
3873 48
3921 1
3922 1
3923 24
3947 1
3948 6
3954 2
3956 1
3957 24
3981 12
3993 2
3995 1
3996 24
4020 6
4026 2
4028 1
4029 48
4077 1
4078 6
4084 2
4086 1
4087 48
4135 6
4141 2
4143 1
4144 2
4146 1
4147 12
4159 6
4165 1
4166 24
4190 12
4202 5
4207 1
4208 60
4268 1
4269 12
4281 2
4283 1
4284 24
4308 4
4312 1
4313 71
4384 6
4390 1
4391 1
4392 24
4416 12
4428 2
4430 1
4431 24
4455 6
4461 1
4462 24
4486 5
4491 1
4492 12
4504 6
4510 4
4514 1
4515 24
4539 3
4542 1
4543 48
4591 6
4597 1
4598 1
4599 24
4623 1
4624 1
4625 2
4627 1
4628 24
4652 6
4658 3
4661 1
4662 61
4723 5
4728 1
4729 24
4753 6
4759 2
4761 1
4762 24
4786 6
4792 2
4794 1
4795 12
4807 6
4813 2
4815 1
4816 1
4817 48
4865 5
4870 1
4871 24
4895 12
4907 6
4913 1
4914 1
4915 12
4927 6
4933 1
4934 24
4958 5
4963 1
4964 67
5031 1
5032 1
5033 6
5039 3
5042 1
5043 12
5055 5
5060 1
5061 24
5085 6
5091 5
5096 1
5097 24
5121 12
5133 6
5139 3
5142 1
5143 24
5167 12
5179 1
5180 2
5182 1
5183 3
5186 1
5187 24
5211 12
5223 6
5229 2
5231 1
5232 71
5303 12
5315 1
5316 12
5328 4
5332 1
5333 24
5357 12
5369 6
5375 4
5379 1
5380 12
5392 2
5394 1
5395 60
5455 1
5456 6
5462 1
5463 1
5464 48
5512 6
5518 5
5523 1
5524 2
5526 1
5527 24
5551 12
5563 5
5568 1
5569 12
5581 6
5587 4
5591 1
5592 1
5593 61
5654 5
5659 1
5660 61
5721 4
5725 1
5726 12
5738 6
5744 1
5745 24
5769 12
5781 6
5787 3
5790 1
5791 24
5815 4
5819 1
5820 24
5844 6
5850 2
5852 1
5853 24
5877 5
5882 1
5883 24
5907 3
5910 1
5911 24
5935 4
5939 1
5940 48
5988 6
5994 4
5998 1
5999 12
6011 2
6013 1
6014 24
6038 6
6044 3
6047 1
6048 48
6096 3
6099 1
6100 6
6106 1
6107 1
6108 48
6156 1
6157 24
6181 6
6187 1
6188 12
6200 3
6203 1
6204 24
6228 6
6234 2
6236 1
6237 12
6249 6
6255 1
6256 1
6257 12
6269 2
6271 1
6272 6
6278 2
6280 1
6281 24
6305 12
6317 6
6323 5
6328 1
6329 12
6341 6
6347 2
6349 1
6350 48
6398 6
6404 2
6406 1
6407 67
6474 1
6475 12
6487 6
6493 1
6494 1
6495 67
6562 2
6564 1
6565 12
6577 6
6583 1
6584 1
6585 24
6609 12
6621 6
6627 1
6628 12
6640 3
6643 1
6644 24
6668 6
6674 4
6678 1
6679 6
6685 5
6690 1
6691 12
6703 1
6704 1
6705 6
6711 2
6713 1
6714 71
6785 12
6797 5
6802 1
6803 48
6851 4
6855 1
6856 3
6859 1
6860 12
6872 6
6878 4
6882 1
6883 12
6895 6
6901 2
6903 1
6904 71
6975 1
6976 1
6977 24
7001 12
7013 6
7019 1
7020 5
7025 1
7026 24
7050 12
7062 6
7068 2
7070 1
7071 24
7095 4
7099 1
7100 6
7106 2
7108 1
7109 24
7133 12
7145 6
7151 1
7152 1
7153 4
7157 1
7158 24
7182 6
7188 3
7191 1
7192 24
7216 12
7228 1
7229 1
7230 6
7236 1
7237 1
7238 71
7309 24
7333 6
7339 1
7340 1
7341 24
7365 4
7369 1
7370 48
7418 6
7424 4
7428 1
7429 12
7441 1
7442 1
7443 24
7467 3
7470 1
7471 24
7495 6
7501 1
7502 24
7526 6
7532 5
7537 1
7538 24
7562 6
7568 3
7571 1
7572 24
7596 6
7602 5
7607 1
7608 24
7632 6
7638 3
7641 1
7642 24
7666 12
7678 5
7683 1
7684 6
7690 1
7691 1
7692 71
7763 1
7764 6
7770 1
7771 1
7772 24
7796 6
7802 1
7803 1
7804 48
7852 6
7858 1
7859 24
7883 12
7895 4
7899 1
7900 24
7924 1
7925 6
7931 5
7936 1
7937 6
7943 1
7944 1
7945 12
7957 2
7959 1
7960 71
8031 24
8055 6
8061 1
8062 1
8063 24
8087 3
8090 1
8091 4
8095 1
8096 24
8120 12
8132 3
8135 1
8136 48
8184 6
8190 5
8195 1
8196 24
8220 6
8226 1
8227 24
8251 6
8257 4
8261 1
8262 6
8268 2
8270 1
8271 48
8319 6
8325 2
8327 1
8328 24
8352 12
8364 2
8366 1
8367 6
8373 3
8376 1
8377 3
8380 1
8381 48
8429 5
8434 1
8435 2
8437 1
8438 24
8462 12
8474 6
8480 5
8485 1
8486 24
8510 1
8511 24
8535 12
8547 3
8550 1
8551 24
8575 2
8577 1
8578 6
8584 1
8585 71
8656 24
8680 12
8692 3
8695 1
8696 6
8702 5
8707 1
8708 1
8709 71
8780 4
8784 1
8785 4
8789 1
8790 67
8857 1
8858 1
8859 12
8871 2
8873 1
8874 1
8875 1
8876 24
8900 12
8912 1
8913 24
8937 5
8942 1
8943 71
9014 12
9026 2
9028 1
9029 24
9053 12
9065 1
9066 1
9067 12
9079 4
9083 1
9084 12
9096 6
9102 1
9103 12
9115 3
9118 1
9119 1
9120 48
9168 6
9174 3
9177 1
9178 48
9226 5
9231 1
9232 24
9256 6
9262 4
9266 1
9267 24
9291 3
9294 1
9295 12
9307 6
9313 3
9316 1
9317 48
9365 6
9371 3
9374 1
9375 24
9399 12
9411 1
9412 12
9424 1
9425 1
9426 12
9438 5
9443 1
9444 71
9515 6
9521 1
9522 24
9546 6
9552 5
9557 1
9558 24
9582 12
9594 5
9599 1
9600 12
9612 3
9615 1
9616 12
9628 4
9632 1
9633 48
9681 6
9687 1
9688 24
9712 6
9718 5
9723 1
9724 24
9748 6
9754 4
9758 1
9759 6
9765 2
9767 1
9768 1
9769 1
9770 71
9841 1
9842 24
9866 12
9878 4
9882 1
9883 24
9907 6
9913 3
9916 1
9917 24
9941 12
9953 6
9959 3
9962 1
9963 12
9975 6
9981 5
9986 1
