997
1 1
2 2
4 2
6 2
8 8
16 16
32 16
48 8
56 4
60 1
60 4
64 4
68 2
70 1
64 32
96 16
112 8
120 4
124 4
128 16
144 4
148 1
144 48
192 2
192 16
208 8
216 4
220 2
222 1
223 1
224 4
228 2
224 32
256 32
288 4
292 2
294 1
288 32
320 2
322 1
322 6
328 4
332 1
332 4
336 8
344 4
336 48
384 32
416 16
432 2
432 16
448 4
448 16
464 4
468 1
464 16
480 16
496 8
504 4
508 4
512 16
528 2
530 1
531 1
532 2
534 1
528 48
576 16
592 4
596 1
592 16
608 16
624 16
640 2
642 1
640 16
656 8
664 2
666 6
672 2
674 1
672 32
704 32
736 8
744 4
748 1
736 32
768 32
800 4
804 2
800 32
832 8
840 56
896 32
928 2
930 1
930 6
936 2
938 1
928 32
960 32
992 4
996 4
1000 8
1008 8
1016 2
1018 1
1018 6
1024 32
1056 4
1060 2
1062 1
1056 16
1072 8
1080 4
1084 2
1086 1
1084 68
1152 32
1184 8
1192 4
1196 1
1196 4
1200 8
1208 2
1210 1
1210 6
1216 32
1248 4
1248 16
1264 8
1272 2
1274 6
1280 16
1296 1
1296 8
1304 4
1296 48
1344 16
1360 8
1368 4
1372 1
1372 4
1376 8
1384 2
1386 1
1376 32
1408 32
1440 16
1456 2
1458 6
1464 1
1464 8
1472 16
1488 4
1492 2
1488 16
1504 8
1512 4
1504 32
1536 16
1552 4
1556 2
1552 48
1600 4
1604 2
1606 1
1600 16
1616 4
1620 1
1620 4
1624 2
1626 6
1632 16
1648 8
1656 4
1660 1
1660 4
1664 32
1696 8
1704 4
1708 2
1710 1
1696 96
1792 32
1824 2
1826 1
1824 32
1856 8
1864 2
1866 6
1872 8
1880 4
1884 4
1888 16
1904 2
1906 1
1907 1
1908 2
1904 16
1920 8
1920 32
1952 16
1968 8
1952 96
2048 8
2056 4
2060 2
2062 1
2048 32
2080 2
2080 32
2112 4
2116 1
2112 32
2144 16
2160 4
2164 2
2166 1
2160 16
2176 16
2192 4
2196 2
2198 1
2199 1
2200 4
2204 2
2206 1
2207 1
2208 32
2240 16
2256 4
2260 2
2262 1
2256 16
2272 4
2276 1
2272 32
2304 32
2336 16
2352 8
2360 2
2362 1
2362 6
2368 8
2376 8
2384 4
2388 2
2384 48
2432 32
2464 4
2468 2
2470 1
2464 32
2496 8
2504 2
2496 32
2528 4
2532 2
2534 2
2536 4
2540 1
2528 32
2560 32
2592 2
2594 1
2592 32
2624 32
2656 8
2664 1
2656 32
2688 4
2692 2
2688 32
2720 8
2728 4
2732 2
2734 2
2736 1
2736 16
2752 16
2768 8
2776 2
2778 1
2779 1
2780 2
2782 1
2768 48
2816 16
2832 4
2836 2
2838 1
2832 48
2880 8
2888 2
2880 32
2912 8
2920 2
2922 1
2912 32
2944 8
2952 2
2954 1
2944 32
2976 8
2984 2
2986 1
2976 32
3008 16
3024 4
3028 2
3030 1
3031 1
3032 1
3032 8
3040 8
3048 4
3052 2
3054 1
3040 32
3072 1
3072 64
3136 16
3152 2
3154 1
3155 1
3156 1
3152 48
3200 16
3216 8
3224 4
3228 2
3230 2
3232 4
3236 2
3232 32
3264 2
3266 1
3264 16
3280 8
3288 4
3292 2
3294 2
3296 4
3300 1
3296 32
3328 2
3330 1
3328 32
3360 16
3376 8
3384 2
3386 6
3392 4
3396 1
3392 32
3424 16
3440 2
3440 16
3456 2
3458 1
3456 16
3472 2
3474 1
3472 48
3520 32
3552 1
3552 32
3584 16
3600 8
3608 4
3612 1
3612 4
3616 1
3616 4
3620 2
3622 1
3616 96
3712 8
3720 4
3724 1
3712 32
3744 4
3748 4
3752 1
3744 32
3776 1
3776 64
3840 2
3842 1
3840 32
3872 1
3872 32
3904 16
3920 2
3922 1
3920 16
3936 8
3944 4
3948 4
3952 4
3956 1
3952 16
3968 16
3984 8
3992 4
3996 4
4000 16
4016 8
4024 4
4028 1
4028 4
4032 32
4064 8
4072 4
4076 2
4078 2
4080 4
4084 2
4086 1
4080 16
4096 32
4128 16
4144 2
4146 1
4144 16
4160 4
4164 2
4160 32
4192 16
4208 16
4224 32
4256 8
4264 4
4268 1
4268 4
4272 8
4280 4
4284 4
4288 16
4304 8
4312 1
4304 48
4352 32
4384 8
4384 32
4416 8
4424 4
4428 2
4430 1
4416 32
4448 8
4456 4
4460 2
4448 32
4480 8
4488 4
4480 32
4512 2
4514 1
4512 16
4528 8
4536 4
4540 2
4542 1
4543 1
4544 32
4576 16
4592 4
4596 2
4598 1
4592 16
4608 16
4624 1
4624 4
4624 16
4640 16
4656 4
4660 2
4656 16
4672 32
4704 16
4720 8
4728 1
4728 8
4736 16
4752 8
4760 2
4762 6
4768 16
4784 8
4792 2
4794 1
4794 6
4800 16
4816 1
4816 48
4864 4
4868 2
4870 1
4864 32
4896 16
4912 2
4914 1
4912 16
4928 4
4932 2
4928 32
4960 4
4960 32
4992 32
5024 8
5032 1
5032 8
5040 2
5042 1
5040 16
5056 4
5060 1
5056 32
5088 8
5096 1
5088 32
5120 16
5136 4
5140 2
5142 1
5136 16
5152 16
5168 8
5176 4
5180 2
5182 1
5183 1
5184 2
5186 1
5184 32
5216 16
5232 16
5248 64
5312 4
5312 16
5328 4
5332 1
5328 48
5376 4
5376 16
5392 2
5394 1
5392 48
5440 16
5456 8
5456 48
5504 16
5520 4
5524 2
5526 1
5520 48
5568 1
5568 16
5584 8
5592 1
5584 48
5632 16
5648 8
5656 4
5648 48
5696 16
5712 8
5720 4
5724 2
5726 2
5728 16
5744 1
5744 16
5760 16
5776 8
5784 4
5788 2
5790 1
5791 1
5792 16
5808 8
5816 4
5820 4
5824 16
5840 8
5848 4
5852 1
5852 4
5856 16
5872 8
5880 2
5882 1
5882 6
5888 16
5904 4
5908 2
5910 1
5904 16
5920 16
5936 4
5936 16
5952 32
5984 8
5992 4
5996 2
5998 1
5999 1
6000 8
6008 4
6012 2
6014 2
6016 32
6048 32
6080 16
6096 4
6100 4
6104 4
6096 48
6144 8
6152 4
6156 1
6144 32
6176 8
6184 4
6188 4
6192 8
6200 4
6204 4
6208 16
6224 8
6232 4
6236 1
6236 4
6240 16
6256 1
6256 16
6272 8
6280 1
6272 32
6304 16
6320 8
6328 1
6328 8
6336 8
6344 4
6348 2
6344 56
6400 4
6404 2
6406 1
6404 60
6464 8
6472 2
6474 1
6474 6
6480 8
6488 4
6492 2
6494 1
6480 48
6528 32
6560 4
6564 1
6560 16
6576 8
6584 1
6584 8
6592 32
6624 4
6624 16
6640 4
6640 16
6656 16
6672 4
6676 2
6678 1
6672 16
6688 2
6690 1
6688 16
6704 1
6704 8
6712 2
6714 70
6784 16
6800 2
6802 1
6800 48
6848 8
6856 4
6848 32
6880 2
6882 1
6880 16
6896 8
6904 8
6912 64
6976 1
6976 32
7008 8
7016 4
7020 4
7024 2
7024 16
7040 16
7056 8
7064 4
7068 2
7070 1
7071 1
7072 16
7088 8
7096 4
7100 4
7104 4
7108 1
7104 32
7136 16
7152 1
7152 4
7156 2
7152 16
7168 16
7184 8
7192 8
7200 16
7216 8
7224 4
7228 2
7230 2
7232 4
7236 2
7236 60
7296 32
7328 8
7336 4
7340 1
7328 32
7360 8
7368 2
7368 56
7424 4
7428 1
7424 16
7440 2
7442 1
7440 16
7456 8
7464 4
7468 2
7470 1
7456 32
7488 8
7496 4
7500 2
7488 32
7520 16
7536 2
7536 16
7552 16
7568 4
7568 16
7584 16
7600 8
7608 8
7616 16
7632 8
7640 2
7632 48
7680 4
7684 4
7688 4
7688 56
7744 16
7760 4
7764 4
7768 4
7772 4
7776 16
7792 8
7800 4
7804 4
7808 32
7840 16
7856 2
7858 1
7856 16
7872 16
7888 8
7896 4
7900 4
7904 16
7920 4
7924 1
7920 16
7936 1
7936 8
7944 1
7944 8
7952 8
7952 48
8000 32
8032 16
8048 8
8056 4
8060 2
8062 1
8063 1
8064 16
8080 8
8088 2
8090 1
8090 6
8096 32
8128 8
8136 56
8192 4
8192 32
8224 2
8226 1
8224 32
8256 4
8260 2
8262 2
8264 4
8268 2
8270 1
8264 56
8320 8
8320 32
8352 8
8360 4
8364 2
8366 1
8367 1
8368 8
8376 1
8376 4
8380 1
8380 4
8384 32
8416 16
8432 2
8434 1
8435 1
8436 2
8432 16
8448 32
8480 4
8484 2
8480 16
8496 8
8504 4
8508 2
8510 1
8511 1
8512 32
8544 4
8548 2
8550 1
8544 32
8576 2
8578 6
8584 1
8584 56
8640 32
8672 16
8688 8
8696 8
8704 4
8708 1
8708 60
8768 16
8784 1
8784 4
8788 2
8784 48
8832 16
8848 8
8856 2
8858 1
8858 6
8864 8
8872 2
8874 2
8864 32
8896 16
8912 1
8912 16
8928 8
8936 4
8940 2
8942 1
8928 32
8960 64
9024 4
9028 1
9024 32
9056 8
9064 2
9066 1
9066 6
9072 8
9080 4
9084 4
9088 8
9096 4
9100 2
9102 1
9103 1
9104 8
9112 4
9116 2
9118 1
9119 1
9120 32
9152 16
9168 8
9176 2
9168 48
9216 16
9232 16
9248 16
9264 2
9266 1
9264 16
9280 8
9288 4
9292 2
9294 1
9280 32
9312 4
9316 1
9312 32
9344 16
9360 8
9368 4
9372 2
9374 1
9360 48
9408 4
9408 16
9424 2
9424 16
9440 4
9440 32
9472 32
9504 16
9520 2
9520 16
9536 16
9552 4
9556 2
9552 48
9600 16
9616 16
9632 1
9632 32
9664 16
9680 8
9688 8
9696 16
9712 8
9720 4
9724 4
9728 16
9744 8
9752 4
9756 2
9758 1
9759 1
9760 8
9768 2
9760 32
9792 32
9824 16
9840 2
9840 16
9856 16
9872 8
9880 2
9882 1
9882 6
9888 16
9904 8
9912 4
9916 1
9916 4
9920 32
9952 8
9960 2
9962 1
9952 32
9984 2
9986 1
