381
1 1
2 2
4 2
6 6
12 12
24 12
1 24
36 25
4 6
61 10
10 10
20 20
40 10
50 2
1 52
71 53
124 25
25 20
149 45
4 25
194 29
1 6
223 7
36 29
230 65
4 24
295 28
323 10
7 7
1 14
333 15
71 15
348 86
4 14
434 18
10 7
452 17
10 29
469 39
6 17
508 23
531 4
12 50
535 62
20 7
597 27
12 7
624 19
643 23
2 7
666 9
12 62
675 74
40 17
749 57
6 28
806 34
29 27
840 56
25 10
896 35
2 6
931 8
939 57
996 4
1000 19
1 40
1019 41
1 2
1060 3
1063 24
71 39
1087 110
1197 14
1211 41
7 15
1252 22
1274 23
4 7
1297 11
1308 65
1373 14
1387 71
1458 7
1465 29
1494 22
34 8
1516 42
7 42
1558 49
1607 14
2 3
1621 5
1626 35
1661 3
2 45
1664 47
6 110
1711 116
1827 39
1866 18
1884 23
1907 3
1910 18
39 9
1928 48
65 22
1976 87
2063 19
2082 35
2117 50
24 8
2167 32
2199 8
2207 1
14 41
2208 55
2263 14
2277 86
10 3
2363 13
2376 14
2390 42
2432 39
2471 35
2506 28
2534 7
12 42
2541 54
23 47
2595 70
2665 29
2694 40
2734 3
2737 42
2779 4
2783 56
4 47
2839 51
24 9
2890 33
2923 32
2955 32
29 15
2987 44
3031 2
3033 22
3055 18
40 42
3073 82
3155 2
29 44
3157 73
3230 8
3238 29
3267 27
3294 7
19 11
3301 30
3331 55
3386 11
3397 45
3442 17
3 13
3459 16
4 74
3475 78
28 32
3553 60
3613 4
3617 6
42 60
3623 102
3725 23
3748 5
3753 24
50 16
3777 66
3843 30
3873 50
3923 25
3948 9
3957 39
3996 33
4029 49
4078 9
4087 57
4144 3
4147 19
4166 42
4208 61
4269 15
4284 29
1 78
4313 79
4392 39
18 13
4431 31
4462 30
4492 23
4515 28
4543 56
13 13
4599 26
4625 3
4628 34
12 55
4662 67
4729 33
4762 33
18 3
4795 21
4816 1
4817 54
4871 44
4915 19
4934 30
52 17
4964 69
5033 10
5043 18
5061 36
12 34
5097 46
15 22
5143 37
5180 3
5183 4
5187 45
71 13
5232 84
5316 17
5333 47
5380 15
5395 61
5456 8
5464 60
5524 3
5527 42
5569 23
5592 1
5593 67
5660 66
5726 19
5745 46
5791 29
5820 33
5853 30
5883 28
5911 29
13 46
5940 59
5999 15
6014 34
6048 52
6100 8
6108 49
6157 31
6188 16
6204 33
6237 20
6257 15
6272 9
6281 48
6329 21
6350 57
35 33
6407 68
6475 20
6495 70
6565 20
35 8
6585 43
6628 16
6644 35
6679 12
6691 14
6705 9
34 55
6714 89
6803 53
6856 4
6860 23
6883 21
6904 73
6977 43
7020 6
7026 45
7071 29
7100 9
7109 44
7153 5
7158 34
24 14
7192 38
7230 8
87 16
7238 103
7341 29
7370 59
7429 14
7443 28
7471 31
7502 36
7538 34
7572 36
7608 34
7642 42
7684 8
35 37
7692 72
7764 8
7772 32
7804 55
7859 41
7900 25
7925 12
7937 8
7945 15
7960 103
8063 28
8091 5
8096 40
8136 60
8196 31
8227 35
8262 9
8271 57
8328 39
8367 10
8377 4
8381 54
8435 3
8438 48
8486 25
8511 40
8551 27
8578 7
65 46
8585 111
8696 12
8708 1
65 11
8709 76
8785 5
8790 69
8859 15
8874 2
8876 37
8913 30
8943 86
9029 38
9067 17
9084 19
9103 16
9119 1
42 16
9120 58
9178 54
9232 35
9267 28
9295 22
9317 58
9375 37
9412 14
9426 18
9444 78
9522 36
9558 42
9600 16
9616 17
9633 55
9688 36
9724 35
9759 9
9768 2
9770 72
9842 41
9883 34
9917 46
9963 24
