359
1 1
2 2
4 4
8 8
16 16
32 32
64 64
128 128
256 256
512 512
1024 1024
2048 2048
4096 4096
2 4
1 4
5 8
13 16
29 32
1 6
7 64
5 16
21 32
53 71
21 128
13 32
45 149
29 194
7 223
7 32
39 256
7 21
28 295
2 8
10 323
53 295
29 149
178 256
2 16
18 434
1 16
17 452
39 469
1 18
19 512
4 531
1 61
62 535
6 21
27 597
19 624
2 21
23 643
32 643
10 64
74 675
4 53
57 749
2 32
34 806
230 666
256 675
8 931
57 939
4 996
19 1000
2 34
36 1024
39 1024
27 1060
36 74
110 1087
124 1087
2 39
41 1211
1 21
22 1252
23 1274
34 1274
1 64
65 1308
1 13
14 1373
71 1387
7 1458
29 1465
22 1494
64 1494
149 1458
14 1607
5 1621
1 34
35 1626
57 1607
624 1087
333 1494
39 1827
18 1866
23 1884
452 1458
18 1910
110 1866
1 14
15 2048
19 2063
35 2082
5 45
50 2117
32 2167
8 2199
1 2207
64 2199
14 2263
15 71
86 2277
13 2363
14 2376
1 41
42 2390
39 2432
35 2471
28 2506
7 2534
61 2534
124 2541
29 2665
535 2199
1 2
3 2734
42 2737
4 2779
333 2506
295 2595
452 2471
32 2923
32 2955
2 42
44 2987
2 3031
22 3033
18 3055
124 3031
2 3155
840 2390
8 3230
29 3238
27 3267
7 3294
64 3267
996 2390
1 10
11 3386
45 3397
17 3442
16 3459
323 3230
3 57
60 3553
4 3613
6 3617
1060 2665
23 3725
5 3748
29 3748
230 3613
256 3617
50 3873
223 3725
34 3923
39 3957
643 3386
840 3238
1197 2890
3 45
48 4096
3 4144
19 4147
42 4166
61 4208
15 4269
29 4284
5 74
79 4313
39 4392
149 4313
61 4431
23 4492
28 4515
452 4147
110 4515
3 4625
34 4628
2 65
67 4662
666 4096
333 4462
21 4795
1 4816
1 53
54 4817
44 4871
19 4915
1 29
30 4934
434 4599
10 5033
18 5043
36 5061
110 5033
749 4431
3 5180
4 5183
45 5187
5 79
84 5232
17 5316
64 5316
15 5380
61 5395
8 5456
60 5464
3 5524
42 5527
23 5569
1 5592
67 5593
931 4795
19 5726
65 5726
29 5791
62 5791
30 5853
28 5883
29 5911
535 5464
15 5999
34 6014
86 6014
8 6100
57 6100
1 30
31 6157
16 6188
223 6014
53 6204
15 6257
44 6237
48 6281
21 6329
57 6350
194 6281
223 6272
996 5569
110 6475
1664 4964
16 6628
35 6644
434 6257
14 6691
23 6691
124 6679
53 6803
4 6856
23 6860
21 6883
333 6644
1 42
43 6977
6 7020
45 7026
29 7071
1516 5593
44 7109
5 7153
34 7158
1661 5569
8 7230
149 7192
29 7341
452 6977
14 7429
28 7443
31 7471
36 7502
34 7538
36 7572
34 7608
42 7642
8 7684
1607 6157
8 7764
32 7772
1274 6585
41 7859
1211 6714
295 7642
8 7937
15 7945
2471 5592
28 8063
5 8091
45 8091
4 8192
31 8196
35 8227
44 8227
57 8271
39 8328
10 8367
4 8377
54 8381
3 8435
48 8438
2 23
25 8486
65 8486
27 8551
7 8578
434 8262
512 8196
1 8708
2 74
76 8709
5 8785
74 8785
15 8859
2 8874
39 8874
30 8913
86 8943
124 8943
17 9067
19 9084
16 9103
1 9119
149 9029
54 9178
35 9232
28 9267
22 9295
256 9119
469 8943
14 9412
18 9426
110 9412
36 9522
42 9558
16 9600
17 9616
1 54
55 9633
36 9688
35 9724
44 9724
2 9768
74 9768
41 9842
34 9883
896 9067
1197 8790
