6804
1 1
2 1
3 2
5 3
8 5
13 8
21 13
34 21
55 34
89 55
144 89
233 144
377 233
610 377
987 34
1021 2
1023 1021
2044 5
2049 2044
4093 2
4095 4093
8188 5
8193 8188
16381 2
16383 16381
32764 5
32769 32764
65533 2
65535 65533
131068 5
131073 131068
262141 2
262143 262141
524284 5
524289 262143
786432 131073
917505 65535
983040 16383
999423 4095
1003518 1023
1004541 610
1005151 233
1005384 89
1005473 21
1005494 5
1005499 1
1005500 32769
1038269 8193
1046462 2049
1048511 55
1048566 8
1048574 1
1048575 131073
1179648 65535
1245183 2049
1247232 1023
1248255 987
1249242 21
1249263 2
1249265 262143
1511408 131073
1642481 65535
1708016 4095
1712111 1023
1713134 89
1713223 34
1713257 13
1713270 262143
1975413 65535
2040948 32769
2073717 16383
2090100 4095
2094195 2049
2096244 610
2096854 233
2097087 55
2097142 8
2097150 3
2097153 1511408
3608561 8193
3616754 1023
3617777 144
3617921 55
3617976 13
3617989 3
3617992 1
3617993 262143
3880136 2049
3882185 1023
3883208 610
3883818 144
3883962 34
3883996 13
3884009 1
3884010 131073
4015083 65535
4080618 610
4081228 233
4081461 34
4081495 65535
4147030 32769
4179799 8193
4187992 4095
4192087 2049
4194136 144
4194280 21
4194301 2
4194303 1179648
5373951 32769
5406720 1023
5407743 610
5408353 144
5408497 55
5408552 13
5408565 3
5408568 1
5408569 2097153
7505722 131073
7636795 16383
7653178 233
7653411 55
7653466 2
7653468 524289
8177757 32769
8210526 16383
8226909 4095
8231004 610
8231614 144
8231758 34
8231792 13
8231805 2
8231807 131073
8362880 16383
8379263 8193
8387456 1023
8388479 89
8388568 34
8388602 5
8388607 2
8388609 262143
8650752 4095
8654847 610
8655457 89
8655546 34
8655580 13
8655593 5
8655598 2
8655600 524289
9179889 131073
9310962 8193
9319155 1023
9320178 144
9320322 55
9320377 786432
10106809 2049
10108858 1023
10109881 610
10110491 233
10110724 89
10110813 34
10110847 13
10110860 786432
10897292 32769
10930061 16383
10946444 8193
10954637 233
10954870 89
10954959 34
10954993 13
10955006 5
10955011 1048575
12003586 65535
12069121 32769
12101890 8193
12110083 4095
12114178 1023
12115201 89
12115290 34
12115324 13
12115337 2
12115339 262143
12377482 65535
12443017 32769
12475786 8193
12483979 4095
12488074 2049
12490123 1023
12491146 610
12491756 233
12491989 89
12492078 21
12492099 8
12492107 1
12492108 786432
13278540 16383
13294923 8193
13303116 2049
13305165 1023
13306188 89
13306277 5
13306282 1
13306283 524289
13830572 131073
13961645 16383
13978028 4095
13982123 1023
13983146 610
13983756 233
13983989 3
13983992 1
13983993 1249265
15233258 16383
15249641 8193
15257834 2049
15259883 233
15260116 55
15260171 5
15260176 1511408
16771584 4095
16775679 1023
16776702 377
16777079 89
16777168 34
16777202 13
16777215 1642481
18419696 32769
18452465 16383
18468848 8193
18477041 1023
18478064 610
18478674 144
18478818 34
18478852 13
18478865 3
18478868 524289
19003157 131073
19134230 65535
19199765 8193
19207958 89
19208047 34
19208081 8
19208089 2
19208091 524289
19732380 65535
19797915 8193
19806108 4095
19810203 2049
19812252 144
19812396 34
19812430 8
19812438 3
19812441 786432
20598873 65535
20664408 4095
20668503 2049
20670552 377
20670929 55
20670984 13
20670997 2
20670999 262143
20933142 4095
20937237 1023
20938260 610
20938870 5
20938875 2
20938877 1048575
21987452 8193
21995645 4095
21999740 144
21999884 21
21999905 8
21999913 3
21999916 1
21999917 1005500
23005417 8193
23013610 2049
23015659 233
23015892 89
23015981 8
23015989 262143
23278132 131073
23409205 4095
23413300 2049
23415349 1023
23416372 377
23416749 144
23416893 55
23416948 8
23416956 3
23416959 1
23416960 262143
23679103 131073
23810176 32769
23842945 8193
23851138 4095
23855233 2049
23857282 1023
23858305 610
23858915 144
23859059 3
23859062 1
23859063 524289
24383352 131073
24514425 65535
24579960 32769
24612729 2049
24614778 377
24615155 34
24615189 3
24615192 1
24615193 262143
24877336 131073
25008409 32769
25041178 16383
25057561 2049
25059610 1023
25060633 377
25061010 55
25061065 21
25061086 8
25061094 1
25061095 262143
25323238 32769
25356007 8193
25364200 89
25364289 34
25364323 5
25364328 1048575
26412903 65535
26478438 32769
26511207 4095
26515302 2049
26517351 1023
26518374 610
26518984 144
26519128 13
26519141 5
26519146 1
26519147 65535
26584682 4095
26588777 2049
26590826 610
26591436 5
26591441 1
26591442 3617993
30209435 32769
30242204 8193
30250397 233
30250630 34
30250664 5
30250669 32769
30283438 8193
30291631 1023
30292654 21
30292675 5
30292680 1
30292681 1511408
31804089 32769
31836858 16383
31853241 4095
31857336 2049
31859385 1023
31860408 610
31861018 89
31861107 34
31861141 13
31861154 3
31861157 524289
32385446 65535
32450981 32769
32483750 16383
32500133 8193
32508326 4095
32512421 2049
32514470 1023
32515493 233
32515726 89
32515815 21
32515836 8
32515844 262143
32777987 131073
32909060 32769
32941829 8193
32950022 2049
32952071 610
32952681 34
32952715 13
32952728 1
32952729 524289
33477018 65535
33542553 8193
33550746 2049
33552795 1023
33553818 610
33554428 5
33554433 1511408
35065841 8193
35074034 1023
35075057 377
35075434 21
35075455 3
35075458 1
35075459 786432
35861891 65535
35927426 4095
35931521 2049
35933570 1023
35934593 377
35934970 13
35934983 3
35934986 1511408
37446394 65535
37511929 8193
37520122 4095
37524217 1023
37525240 610
37525850 233
37526083 89
37526172 21
37526193 8
37526201 2
37526203 4095
37530298 610
37530908 21
37530929 3
37530932 1
37530933 1005500
38536433 8193
38544626 4095
38548721 2049
38550770 610
38551380 144
38551524 55
38551579 13
38551592 3
38551595 262143
38813738 131073
38944811 65535
39010346 16383
39026729 4095
39030824 1023
39031847 144
39031991 55
39032046 21
39032067 8
39032075 1
39032076 786432
39818508 32769
39851277 610
39851887 144
39852031 55
39852086 5
39852091 786432
40638523 65535
40704058 16383
40720441 2049
40722490 1023
40723513 377
40723890 144
40724034 5
40724039 262143
40986182 131073
41117255 65535
41182790 8193
41190983 2049
41193032 610
41193642 55
41193697 8
41193705 3
41193708 1
41193709 262143
41455852 131073
41586925 32769
41619694 16383
41636077 4095
41640172 2049
41642221 610
41642831 55
41642886 13
41642899 3
41642902 1
41642903 1511408
43154311 16383
43170694 1023
43171717 233
43171950 55
43172005 21
43172026 8
43172034 524289
43696323 4095
43700418 2049
43702467 1023
43703490 377
43703867 144
43704011 55
43704066 5
43704071 1
43704072 262143
43966215 1023
43967238 610
43967848 233
43968081 13
43968094 2
43968096 786432
44754528 65535
44820063 16383
44836446 8193
44844639 4095
44848734 610
44849344 233
44849577 55
44849632 21
44849653 8
44849661 2097153
46946814 131073
47077887 65535
47143422 4095
47147517 2049
47149566 1023
47150589 144
47150733 34
47150767 2097153
49247920 786432
50034352 65535
50099887 4095
50103982 2049
50106031 13
50106044 3
50106047 262143
50368190 8193
50376383 4095
50380478 2049
50382527 377
50382904 144
50383048 55
50383103 21
50383124 8
50383132 1642481
52025613 16383
52041996 8193
52050189 4095
52054284 2049
52056333 1023
52057356 610
52057966 89
52058055 13
52058068 2
52058070 32769
52090839 16383
52107222 8193
52115415 4095
52119510 1023
52120533 377
52120910 144
52121054 55
52121109 21
52121130 8
52121138 3
52121141 131073
52252214 32769
52284983 4095
52289078 2049
52291127 377
52291504 13
52291517 3
52291520 1
52291521 65535
52357056 32769
52389825 1023
52390848 144
52390992 34
52391026 13
52391039 5
52391044 2
52391046 65535
52456581 32769
52489350 4095
52493445 987
52494432 1
52494433 65535
52559968 16383
52576351 4095
52580446 2049
52582495 1023
52583518 610
52584128 144
52584272 8
52584280 1249265
53833545 131073
53964618 65535
54030153 32769
54062922 16383
54079305 8193
54087498 4095
54091593 1023
54092616 377
54092993 55
54093048 21
54093069 8
54093077 3
54093080 1
54093081 262143
54355224 131073
54486297 16383
54502680 8193
54510873 4095
54514968 144
54515112 55
54515167 5
54515172 917505
55432677 32769
55465446 16383
55481829 4095
55485924 2049
55487973 610
55488583 13
55488596 3
55488599 1179648
56668247 16383
56684630 8193
56692823 4095
56696918 2049
56698967 377
56699344 21
56699365 2
56699367 2073717
58773084 1023
58774107 233
58774340 21
58774361 1
58774362 1249265
60023627 65535
60089162 8193
60097355 4095
60101450 1023
60102473 610
60103083 21
60103104 8
60103112 3
60103115 2097153
62200268 1005500
63205768 4095
63209863 2049
63211912 1023
63212935 144
63213079 5
63213084 1
63213085 1005500
64218585 8193
64226778 2049
64228827 144
64228971 8
64228979 524289
64753268 16383
64769651 4095
64773746 1023
64774769 377
64775146 89
64775235 34
64775269 2
64775271 524289
65299560 65535
65365095 32769
65397864 16383
65414247 8193
65422440 4095
65426535 2049
65428584 610
65429194 144
65429338 5
65429343 1
65429344 1642481
67071825 32769
67104594 4095
67108689 144
67108833 21
67108854 8
67108862 1
67108863 32769
67141632 16383
67158015 1023
67159038 144
67159182 5
67159187 1048575
68207762 32769
68240531 16383
68256914 4095
68261009 2049
68263058 610
68263668 5
68263673 3617993
71881666 65535
71947201 8193
71955394 4095
71959489 1023
71960512 610
71961122 144
71961266 21
71961287 5
71961292 262143
72223435 131073
72354508 32769
72387277 16383
72403660 2049
72405709 1023
72406732 55
72406787 5
72406792 1
72406793 1249265
73656058 16383
73672441 4095
73676536 2049
73678585 1023
73679608 377
73679985 144
73680129 55
73680184 21
73680205 65535
73745740 32769
73778509 16383
73794892 8193
73803085 2049
73805134 1023
73806157 610
73806767 89
73806856 21
73806877 3
73806880 1
73806881 1005500
74812381 16383
74828764 4095
74832859 2049
74834908 1023
74835931 610
74836541 233
74836774 2
74836776 1179648
76016424 16383
76032807 2049
76034856 144
76035000 1
76035001 262143
76297144 32769
76329913 8193
76338106 2049
76340155 89
76340244 13
76340257 3
76340260 131073
76471333 32769
76504102 610
76504712 89
76504801 34
76504835 5
76504840 2
76504842 262143
76766985 131073
76898058 32769
76930827 8193
76939020 4095
76943115 1023
76944138 610
76944748 34
76944782 13
76944795 2
76944797 131073
77075870 65535
77141405 16383
77157788 2049
77159837 1023
77160860 233
77161093 55
77161148 21
77161169 2
77161171 1511408
78672579 16383
78688962 4095
78693057 2049
78695106 1023
78696129 377
78696506 144
78696650 55
78696705 21
78696726 5
78696731 786432
79483163 65535
79548698 32769
79581467 16383
79597850 1023
79598873 610
79599483 144
79599627 55
79599682 8
79599690 3
79599693 2049
79601742 1023
79602765 233
79602998 55
79603053 21
79603074 3
79603077 1
79603078 2097153
81700231 131073
81831304 16383
81847687 1023
81848710 610
81849320 55
81849375 21
81849396 5
81849401 2097153
83946554 65535
84012089 16383
84028472 8193
84036665 4095
84040760 2049
84042809 1023
84043832 610
84044442 144
84044586 8
84044594 2
84044596 524289
84568885 65535
84634420 32769
84667189 16383
84683572 8193
84691765 2049
84693814 144
84693958 8
84693966 1
84693967 1249265
85943232 131073
86074305 65535
86139840 8193
86148033 4095
86152128 2049
86154177 377
86154554 144
86154698 55
86154753 13
86154766 1
86154767 131073
86285840 2049
86287889 144
86288033 5
86288038 1
86288039 1048575
87336614 65535
87402149 32769
87434918 377
87435295 89
87435384 2
87435386 2097153
89532539 786432
90318971 32769
90351740 16383
90368123 2049
90370172 377
90370549 34
90370583 8
90370591 3
90370594 1
90370595 1249265
91619860 65535
91685395 32769
91718164 16383
91734547 4095
91738642 377
91739019 21
91739040 5
91739045 1
91739046 8193
91747239 4095
91751334 2049
91753383 233
91753616 3
91753619 2097153
93850772 262143
94112915 16383
94129298 4095
94133393 2049
94135442 1023
94136465 610
94137075 233
94137308 34
94137342 13
94137355 3
94137358 1
94137359 32769
94170128 8193
94178321 4095
94182416 1023
94183439 233
94183672 55
94183727 2
94183729 1249265
95432994 131073
95564067 65535
95629602 32769
95662371 8193
95670564 4095
95674659 2049
95676708 233
95676941 55
95676996 13
95677009 5
95677014 1
95677015 262143
95939158 65535
96004693 32769
96037462 4095
96041557 2049
96043606 55
96043661 13
96043674 2
96043676 524289
96567965 131073
96699038 65535
96764573 2049
96766622 1023
96767645 610
96768255 89
96768344 34
96768378 5
96768383 1245183
98013566 610
98014176 5
98014181 131073
98145254 65535
98210789 32769
98243558 8193
98251751 4095
98255846 610
98256456 89
98256545 34
98256579 8
98256587 3
98256590 65535
98322125 32769
98354894 16383
98371277 8193
98379470 2049
98381519 610
98382129 144
98382273 21
98382294 5
98382299 524289
98906588 131073
99037661 16383
99054044 8193
99062237 4095
99066332 2049
99068381 377
99068758 144
99068902 3
99068905 1
99068906 65535
99134441 32769
99167210 16383
99183593 377
99183970 144
99184114 55
99184169 8
99184177 262143
99446320 65535
99511855 16383
99528238 4095
99532333 2049
99534382 1023
99535405 34
99535439 5
99535444 2
99535446 262143
99797589 65535
99863124 16383
99879507 4095
99883602 2049
99885651 34
99885685 8
99885693 3
99885696 1
99885697 524289
100409986 16383
100426369 8193
100434562 2049
100436611 1023
100437634 610
100438244 144
100438388 55
100438443 13
100438456 3
100438459 1249265
101687724 32769
101720493 16383
101736876 8193
101745069 4095
101749164 1023
101750187 55
101750242 21
101750263 3
101750266 1
101750267 65535
101815802 16383
101832185 2049
101834234 610
101834844 89
101834933 34
101834967 13
101834980 5
101834985 1
101834986 2097153
103932139 131073
104063212 65535
104128747 32769
104161516 8193
104169709 2049
104171758 610
104172368 89
104172457 5
104172462 524289
104696751 131073
104827824 32769
104860593 16383
104876976 1023
104877999 144
104878143 34
104878177 8
104878185 3
104878188 262143
105140331 65535
105205866 16383
105222249 2049
105224298 610
105224908 13
105224921 5
105224926 1
105224927 262143
105487070 65535
105552605 32769
105585374 16383
105601757 2049
105603806 610
105604416 89
105604505 13
105604518 3
105604521 1249265
106853786 131073
106984859 32769
107017628 4095
107021723 377
107022100 89
107022189 21
107022210 262143
107284353 16383
107300736 1023
107301759 55
107301814 21
107301835 5
107301840 1
107301841 65535
107367376 8193
107375569 2049
107377618 55
107377673 5
107377678 1
107377679 2097153
109474832 1249265
110724097 65535
110789632 16383
110806015 8193
110814208 4095
110818303 2049
110820352 233
110820585 89
110820674 34
110820708 8
110820716 1
110820717 786432
111607149 2049
111609198 610
111609808 21
111609829 3617993
115227822 131073
115358895 65535
115424430 32769
115457199 16383
115473582 2049
115475631 1023
115476654 987
115477641 21
115477662 1713270
117190932 65535
117256467 16383
117272850 8193
117281043 2049
117283092 1023
117284115 610
117284725 233
117284958 55
117285013 13
117285026 3
117285029 1
117285030 16383
117301413 8193
117309606 4095
117313701 55
117313756 21
117313777 8
117313785 3
117313788 1
117313789 65535
117379324 16383
117395707 4095
117399802 233
117400035 8
117400043 1
117400044 2097153
119497197 262143
119759340 65535
119824875 16383
119841258 377
119841635 89
119841724 21
119841745 3
119841748 1
119841749 4194303
124036052 262143
124298195 131073
124429268 16383
124445651 1023
124446674 610
124447284 233
124447517 89
124447606 34
124447640 13
124447653 5
124447658 16383
124464041 4095
124468136 2049
124470185 610
124470795 144
124470939 55
124470994 21
124471015 32769
124503784 16383
124520167 8193
124528360 4095
124532455 377
124532832 55
124532887 5
124532892 2
124532894 8193
124541087 4095
124545182 2049
124547231 1023
124548254 233
124548487 34
124548521 8
124548529 3
124548532 1249265
125797797 65535
125863332 16383
125879715 1023
125880738 610
125881348 233
125881581 89
125881670 8
125881678 524289
126405967 65535
126471502 2049
126473551 34
126473585 13
126473598 5
126473603 1
126473604 524289
126997893 16383
127014276 8193
127022469 4095
127026564 1023
127027587 610
127028197 233
127028430 55
127028485 1
127028486 16383
127044869 8193
127053062 2049
127055111 5
127055116 2
127055118 131073
127186191 65535
127251726 16383
127268109 4095
127272204 1023
127273227 233
127273460 55
127273515 8
127273523 1
127273524 131073
127404597 65535
127470132 4095
127474227 2049
127476276 1023
127477299 610
127477909 144
127478053 34
127478087 1
127478088 786432
128264520 65535
128330055 16383
128346438 4095
128350533 2049
128352582 1023
128353605 610
128354215 233
128354448 8
128354456 131073
128485529 65535
128551064 16383
128567447 8193
128575640 2049
128577689 1023
128578712 610
128579322 144
128579466 34
128579500 13
128579513 1
128579514 65535
128645049 32769
128677818 16383
128694201 4095
128698296 2049
128700345 233
128700578 55
128700633 3
128700636 1
128700637 1713270
130413907 131073
130544980 16383
130561363 8193
130569556 2049
130571605 610
130572215 233
130572448 89
130572537 21
130572558 8
130572566 3
130572569 2097153
132669722 1249265
133918987 2049
133921036 610
133921646 89
133921735 13
133921748 3
133921751 1
133921752 32769
133954521 16383
133970904 8193
133979097 1023
133980120 144
133980264 21
133980285 3
133980288 1
133980289 16383
133996672 4095
134000767 2049
134002816 1023
134003839 233
134004072 89
134004161 34
134004195 5
134004200 1
134004201 131073
134135274 65535
134200809 16383
134217192 377
134217569 144
134217713 13
134217726 3
134217729 262143
134479872 131073
134610945 16383
134627328 4095
134631423 2049
134633472 1023
134634495 144
134634639 13
134634652 5
134634657 65535
134700192 32769
134732961 16383
134749344 4095
134753439 2049
134755488 1023
134756511 89
134756600 34
134756634 5
134756639 262143
135018782 16383
135035165 8193
135043358 4095
135047453 1023
135048476 610
135049086 89
135049175 34
135049209 8
135049217 524289
135573506 131073
135704579 65535
135770114 32769
135802883 16383
135819266 2049
135821315 233
135821548 13
135821561 5
135821566 1
135821567 524289
136345856 131073
136476929 65535
136542464 32769
136575233 4095
136579328 2049
136581377 1023
136582400 13
136582413 3
136582416 1
136582417 131073
136713490 65535
136779025 8193
136787218 2049
136789267 21
136789288 5
136789293 1
136789294 1642481
138431775 32769
138464544 16383
138480927 8193
138489120 2049
138491169 1023
138492192 610
138492802 144
138492946 13
138492959 5
138492964 1
138492965 2097153
140590118 131073
140721191 65535
140786726 8193
140794919 2049
140796968 233
140797201 34
140797235 1
140797236 524289
141321525 131073
141452598 32769
141485367 16383
141501750 4095
141505845 2049
141507894 1023
141508917 610
141509527 89
141509616 8
141509624 2
141509626 65535
141575161 32769
141607930 16383
141624313 8193
141632506 4095
141636601 987
141637588 1
141637589 2097153
143734742 65535
143800277 8193
143808470 2049
143810519 1023
143811542 89
143811631 13
143811644 1
143811645 524289
144335934 65535
144401469 8193
144409662 4095
144413757 2049
144415806 1023
144416829 377
144417206 144
144417350 55
144417405 5
144417410 131073
144548483 65535
144614018 4095
144618113 1023
144619136 233
144619369 8
144619377 2
144619379 2097153
146716532 524289
147240821 1023
147241844 377
147242221 89
147242310 34
147242344 5
147242349 2
147242351 524289
147766640 65535
147832175 16383
147848558 8193
147856751 2049
147858800 233
147859033 34
147859067 5
147859072 1
147859073 786432
148645505 16383
148661888 1023
148662911 610
148663521 233
148663754 55
148663809 8
148663817 1179648
149843465 32769
149876234 2049
149878283 233
149878516 13
149878529 5
149878534 1
149878535 262143
150140678 32769
150173447 16383
150189830 2049
150191879 1023
150192902 610
150193512 233
150193745 55
150193800 21
150193821 8
150193829 2
150193831 262143
150455974 16383
150472357 4095
150476452 1023
150477475 610
150478085 13
150478098 5
150478103 1048575
151526678 65535
151592213 16383
151608596 8193
151616789 1023
151617812 610
151618422 3
151618425 16383
151634808 8193
151643001 4095
151647096 1023
151648119 377
151648496 21
151648517 2
151648519 2097153
153745672 262143
154007815 1023
154008838 610
154009448 89
154009537 13
154009550 1
154009551 1975413
155984964 16383
156001347 8193
156009540 4095
156013635 1023
156014658 610
156015268 233
156015501 55
156015556 21
156015577 8
156015585 3
156015588 1
156015589 1048575
157064164 2049
157066213 377
157066590 144
157066734 3
157066737 131073
157197810 4095
157201905 233
157202138 89
157202227 13
157202240 2
157202242 524289
157726531 65535
157792066 32769
157824835 8193
157833028 4095
157837123 1023
157838146 377
157838523 55
157838578 1
157838579 3617993
161456572 131073
161587645 8193
161595838 2049
161597887 610
161598497 144
161598641 8
161598649 65535
161664184 32769
161696953 16383
161713336 377
161713713 144
161713857 34
161713891 5
161713896 2
161713898 2097153
163811051 1048575
164859626 16383
164876009 8193
164884202 1023
164885225 610
164885835 89
164885924 21
164885945 3
164885948 1
164885949 16383
164902332 4095
164906427 2049
164908476 1023
164909499 377
164909876 55
164909931 2
164909933 524289
165434222 131073
165565295 16383
165581678 8193
165589871 2049
165591920 1023
165592943 144
165593087 55
165593142 21
165593163 5
165593168 2
165593170 1642481
167235651 4095
167239746 2049
167241795 1023
167242818 377
167243195 144
167243339 55
167243394 13
167243407 5
167243412 262143
167505555 8193
167513748 2049
167515797 1023
167516820 89
167516909 34
167516943 3
167516946 1
167516947 1249265
168766212 32769
168798981 8193
168807174 1023
168808197 610
168808807 55
168808862 5
168808867 131073
168939940 32769
168972709 16383
168989092 1023
168990115 377
168990492 89
168990581 8
168990589 2097153
171087742 1249265
172337007 131073
172468080 65535
172533615 32769
172566384 16383
172582767 8193
172590960 233
172591193 89
172591282 34
172591316 8
172591324 2
172591326 262143
172853469 131073
172984542 65535
173050077 32769
173082846 16383
173099229 4095
173103324 610
173103934 233
173104167 3
173104170 1
173104171 917505
174021676 16383
174038059 610
174038669 144
174038813 55
174038868 21
174038889 8
174038897 1048575
175087472 65535
175153007 16383
175169390 8193
175177583 2049
175179632 1023
175180655 144
175180799 55
175180854 8
175180862 1
175180863 1511408
176692271 32769
176725040 1023
176726063 233
176726296 55
176726351 21
176726372 3
176726375 1
176726376 4194303
180920679 524289
181444968 131073
181576041 4095
181580136 2049
181582185 1023
181583208 377
181583585 2
181583587 524289
182107876 131073
182238949 32769
182271718 8193
182279911 4095
182284006 2049
182286055 1023
182287078 55
182287133 3
182287136 65535
182352671 32769
182385440 16383
182401823 2049
182403872 1023
182404895 610
182405505 34
182405539 5
182405544 2
182405546 1249265
183654811 32769
183687580 16383
183703963 8193
183712156 2049
183714205 55
183714260 5
183714265 1
183714266 1179648
184893914 16383
184910297 4095
184914392 610
184915002 233
184915235 34
184915269 1
184915270 786432
185701702 65535
185767237 32769
185800006 16383
185816389 4095
185820484 2049
185822533 1023
185823556 377
185823933 8
185823941 32769
185856710 16383
185873093 8193
185881286 4095
185885381 2049
185887430 1023
185888453 610
185889063 55
185889118 13
185889131 3
185889134 2097153
187986287 262143
188248430 16383
188264813 2049
188266862 34
188266896 5
188266901 1
188266902 262143
188529045 131073
188660118 8193
188668311 1023
188669334 377
188669711 144
188669855 21
188669876 3
188669879 65535
188735414 8193
188743607 1023
188744630 610
188745240 233
188745473 89
188745562 34
188745596 2097153
190842749 262143
191104892 65535
191170427 32769
191203196 16383
191219579 2049
191221628 610
191222238 34
191222272 2
191222274 524289
191746563 65535
191812098 32769
191844867 4095
191848962 2049
191851011 610
191851621 144
191851765 55
191851820 8
191851828 1249265
193101093 65535
193166628 32769
193199397 2049
193201446 610
193202056 89
193202145 34
193202179 8
193202187 3
193202190 1
193202191 131073
193333264 32769
193366033 16383
193382416 8193
193390609 4095
193394704 2049
193396753 610
193397363 89
193397452 34
193397486 8
193397494 3
193397497 524289
193921786 131073
194052859 65535
194118394 32769
194151163 4095
194155258 233
194155491 89
194155580 34
194155614 5
194155619 3617993
197773612 32769
197806381 4095
197810476 2049
197812525 610
197813135 55
197813190 8
197813198 2
197813200 524289
198337489 131073
198468562 65535
198534097 16383
198550480 8193
198558673 2049
198560722 377
198561099 144
198561243 13
198561256 3
198561259 131073
198692332 2049
198694381 1023
198695404 377
198695781 144
198695925 55
198695980 21
198696001 5
198696006 1
198696007 1642481
200338488 32769
200371257 16383
200387640 2049
200389689 1023
200390712 144
200390856 3
200390859 1
200390860 1511408
201902268 16383
201918651 8193
201926844 1023
201927867 34
201927901 13
201927914 5
201927919 786432
202714351 32769
202747120 4095
202751215 610
202751825 233
202752058 89
202752147 21
202752168 1
202752169 524289
203276458 65535
203341993 32769
203374762 8193
203382955 89
203383044 21
203383065 8
203383073 1
203383074 1249265
204632339 131073
204763412 32769
204796181 8193
204804374 4095
204808469 377
204808846 34
204808880 13
204808893 3
204808896 1
204808897 262143
205071040 131073
205202113 65535
205267648 8193
205275841 1023
205276864 610
205277474 233
205277707 89
205277796 13
205277809 5
205277814 2
205277816 262143
205539959 32769
205572728 16383
205589111 8
205589119 1
205589120 65535
205654655 4095
205658750 2049
205660799 610
205661409 233
205661642 21
205661663 131073
205792736 32769
205825505 16383
205841888 4095
205845983 2049
205848032 55
205848087 21
205848108 2
205848110 1713270
207561380 8193
207569573 2049
207571622 233
207571855 55
207571910 3
207571913 1
207571914 1048575
208620489 16383
208636872 8193
208645065 2049
208647114 1023
208648137 377
208648514 34
208648548 8
208648556 2
208648558 524289
209172847 131073
209303920 32769
209336689 16383
209353072 4095
209357167 377
209357544 3
209357547 262143
209619690 131073
209750763 65535
209816298 16383
209832681 8193
209840874 4095
209844969 2049
209847018 1023
209848041 377
209848418 144
209848562 21
209848583 3
209848586 1
209848587 524289
210372876 65535
210438411 32769
210471180 610
210471790 233
210472023 13
210472036 5
210472041 2
210472043 524289
210996332 131073
211127405 8193
211135598 4095
211139693 2049
211141742 233
211141975 8
211141983 1
211141984 131073
211273057 65535
211338592 16383
211354975 610
211355585 233
211355818 3
211355821 1
211355822 786432
212142254 32769
212175023 16383
212191406 8193
212199599 1023
212200622 610
212201232 55
212201287 8
212201295 1
212201296 524289
212725585 131073
212856658 8193
212864851 1023
212865874 89
212865963 34
212865997 8
212866005 2
212866007 65535
212931542 32769
212964311 8193
212972504 4095
212976599 2049
212978648 1023
212979671 377
212980048 144
212980192 55
212980247 13
212980260 5
212980265 1
212980266 262143
213242409 32769
213275178 16383
213291561 377
213291938 144
213292082 55
213292137 13
213292150 5
213292155 1
213292156 2097153
215389309 16383
215405692 610
215406302 233
215406535 8
215406543 262143
215668686 131073
215799759 32769
215832528 16383
215848911 8193
215857104 2049
215859153 1023
215860176 610
215860786 89
215860875 34
215860909 13
215860922 5
215860927 1
215860928 2097153
217958081 262143
218220224 131073
218351297 65535
218416832 2049
218418881 1023
218419904 610
218420514 233
218420747 55
218420802 13
218420815 2
218420817 1975413
220396230 16383
220412613 610
220413223 233
220413456 89
220413545 13
220413558 5
220413563 786432
221199995 65535
221265530 32769
221298299 16383
221314682 8193
221322875 89
221322964 5
221322969 2
221322971 131073
221454044 65535
221519579 8193
221527772 1023
221528795 377
221529172 89
221529261 5
221529266 2
221529268 262143
221791411 65535
221856946 32769
221889715 1023
221890738 610
221891348 233
221891581 89
221891670 34
221891704 13
221891717 1
221891718 2097153
223988871 524289
224513160 131073
224644233 32769
224677002 2049
224679051 610
224679661 233
224679894 89
224679983 34
224680017 8
224680025 1
224680026 1048575
225728601 65535
225794136 32769
225826905 8193
225835098 4095
225839193 2049
225841242 1023
225842265 144
225842409 21
225842430 8
225842438 1
225842439 524289
226366728 131073
226497801 65535
226563336 16383
226579719 4095
226583814 1023
226584837 377
226585214 144
226585358 34
226585392 13
226585405 5
226585410 2
226585412 1249265
227834677 131073
227965750 65535
228031285 32769
228064054 16383
228080437 4095
228084532 1023
228085555 377
228085932 13
228085945 5
228085950 1
228085951 2097153
230183104 131073
230314177 65535
230379712 8193
230387905 233
230388138 89
230388227 21
230388248 8
230388256 2
230388258 32769
230421027 16383
230437410 8193
230445603 2049
230447652 1023
230448675 233
230448908 55
230448963 8
230448971 3
230448974 524289
230973263 32769
231006032 16383
231022415 8193
231030608 144
231030752 55
231030807 21
231030828 5
231030833 2
231030835 524289
231555124 16383
231571507 1023
231572530 610
231573140 233
231573373 55
231573428 21
231573449 5
231573454 2
231573456 1713270
233286726 1023
233287749 377
233288126 55
233288181 13
233288194 3
233288197 917505
234205702 16383
234222085 4095
234226180 2049
234228229 377
234228606 144
234228750 13
234228763 5
234228768 1
234228769 131073
234359842 32769
234392611 16383
234408994 8193
234417187 2049
234419236 1023
234420259 21
234420280 1
234420281 65535
234485816 16383
234502199 8193
234510392 2049
234512441 377
234512818 13
234512831 786432
235299263 16383
235315646 8193
235323839 2049
235325888 1023
235326911 610
235327521 233
235327754 89
235327843 34
235327877 8
235327885 2
235327887 2097153
237425040 131073
237556113 32769
237588882 16383
237605265 4095
237609360 377
237609737 89
237609826 21
237609847 3
237609850 1
237609851 262143
237871994 16383
237888377 8193
237896570 2049
237898619 377
237898996 89
237899085 3
237899088 1
237899089 524289
238423378 131073
238554451 65535
238619986 32769
238652755 8193
238660948 4095
238665043 1023
238666066 144
238666210 21
238666231 786432
239452663 65535
239518198 32769
239550967 16383
239567350 8193
239575543 4095
239579638 2049
239581687 144
239581831 21
239581852 3
239581855 1
239581856 262143
239843999 131073
239975072 32769
240007841 2049
240009890 89
240009979 21
240010000 1
240010001 262143
240272144 131073
240403217 32769
240435986 16383
240452369 4095
240456464 1023
240457487 610
240458097 89
240458186 34
240458220 13
240458233 5
240458238 1
240458239 1038269
241496508 2049
241498557 1023
241499580 55
241499635 2
241499637 917505
242417142 16383
242433525 8193
242441718 2049
242443767 144
242443911 55
242443966 21
242443987 8
242443995 3
242443998 1
242443999 524289
242968288 131073
243099361 65535
243164896 2049
243166945 987
243167932 1
243167933 1249265
244417198 65535
244482733 610
244483343 89
244483432 13
244483445 5
244483450 1
244483451 524289
245007740 131073
245138813 65535
245204348 32769
245237117 16383
245253500 8193
245261693 233
245261926 89
245262015 21
245262036 5
245262041 2
245262043 131073
245393116 65535
245458651 32769
245491420 16383
245507803 4095
245511898 1023
245512921 610
245513531 89
245513620 13
245513633 5
245513638 65535
245579173 32769
245611942 16383
245628325 8193
245636518 4095
245640613 1023
245641636 89
245641725 3
245641728 1642481
247284209 4095
247288304 987
247289291 21
247289312 8
247289320 3
247289323 1048575
248337898 32769
248370667 16383
248387050 2049
248389099 1023
248390122 377
248390499 89
248390588 34
248390622 8
248390630 1
248390631 1975413
250366044 8193
250374237 4095
250378332 610
250378942 233
250379175 55
250379230 21
250379251 8
250379259 3
250379262 65535
250444797 4095
250448892 1023
250449915 377
250450292 89
250450381 21
250450402 8
250450410 524289
250974699 131073
251105772 65535
251171307 8193
251179500 4095
251183595 2049
251185644 144
251185788 34
251185822 13
251185835 5
251185840 1
251185841 1179648
252365489 16383
252381872 8193
252390065 4095
252394160 1023
252395183 21
252395204 8
252395212 3
252395215 1
252395216 917505
253312721 16383
253329104 8193
253337297 2049
253339346 1023
253340369 610
253340979 144
253341123 55
253341178 21
253341199 8
253341207 3
253341210 1
253341211 1511408
254852619 16383
254869002 4095
254873097 2049
254875146 1023
254876169 610
254876779 144
254876923 55
254876978 21
254876999 2
254877001 262143
255139144 131073
255270217 16383
255286600 8193
255294793 2049
255296842 144
255296986 55
255297041 13
255297054 2
255297056 524289
255821345 16383
255837728 8193
255845921 2049
255847970 233
255848203 55
255848258 21
255848279 3
255848282 1
255848283 262143
256110426 32769
256143195 16383
256159578 1023
256160601 610
256161211 233
256161444 34
256161478 8
256161486 1
256161487 1249265
257410752 65535
257476287 32769
257509056 4095
257513151 1023
257514174 233
257514407 21
257514428 5
257514433 1713270
259227703 131073
259358776 65535
259424311 32769
259457080 16383
259473463 8193
259481656 1023
259482679 55
259482734 21
259482755 5
259482760 1
259482761 786432
260269193 65535
260334728 32769
260367497 1023
260368520 89
260368609 34
260368643 8
260368651 3
260368654 1
260368655 65535
260434190 32769
260466959 8193
260475152 1023
260476175 21
260476196 5
260476201 1
260476202 1048575
261524777 65535
261590312 16383
261606695 4095
261610790 1023
261611813 34
261611847 13
261611860 5
261611865 1
261611866 131073
261742939 65535
261808474 8193
261816667 4095
261820762 2049
261822811 1023
261823834 610
261824444 233
261824677 89
261824766 13
261824779 1
261824780 131073
261955853 65535
262021388 16383
262037771 8193
262045964 4095
262050059 2049
262052108 1023
262053131 610
262053741 233
262053974 55
262054029 13
262054042 1
262054043 262143
262316186 131073
262447259 16383
262463642 2049
262465691 1023
262466714 610
262467324 89
262467413 34
262467447 1
262467448 786432
263253880 16383
263270263 8193
263278456 1023
263279479 233
263279712 34
263279746 5
263279751 1
263279752 786432
264066184 2049
264068233 1023
264069256 377
264069633 144
264069777 55
264069832 21
264069853 8
264069861 3
264069864 1
264069865 131073
264200938 8193
264209131 13
264209144 3
264209147 262143
264471290 65535
264536825 4095
264540920 2049
264542969 377
264543346 144
264543490 34
264543524 3
264543527 1249265
265792792 131073
265923865 32769
265956634 16383
265973017 4095
265977112 610
265977722 233
265977955 34
265977989 13
265978002 3
265978005 16383
265994388 4095
265998483 1023
265999506 377
265999883 3
265999886 1
265999887 524289
266524176 16383
266540559 8193
266548752 1023
266549775 377
266550152 55
266550207 13
266550220 5
266550225 2
266550227 524289
267074516 32769
267107285 16383
267123668 4095
267127763 1023
267128786 13
267128799 5
267128804 1038269
268167073 2049
268169122 144
268169266 21
268169287 8
268169295 3
268169298 1
268169299 262143
268431442 2049
268433491 1023
268434514 610
268435124 233
268435357 89
268435446 8
268435454 1
268435455 2097153
270532608 1038269
271570877 2049
271572926 610
271573536 144
271573680 55
271573735 13
271573748 1048575
272622323 32769
272655092 2049
272657141 55
272657196 21
272657217 2
272657219 1048575
273705794 65535
273771329 8193
273779522 233
273779755 21
273779776 8
273779784 1
273779785 524289
274304074 131073
274435147 16383
274451530 4095
274455625 987
274456612 8
274456620 65535
274522155 16383
274538538 8193
274546731 2049
274548780 1023
274549803 610
274550413 34
274550447 262143
274812590 4095
274816685 2049
274818734 144
274818878 55
274818933 5
274818938 2
274818940 524289
275343229 16383
275359612 8193
275367805 4095
275371900 2049
275373949 610
275374559 34
275374593 8
275374601 262143
275636744 131073
275767817 65535
275833352 8193
275841545 2049
275843594 1023
275844617 610
275845227 89
275845316 13
275845329 2
275845331 262143
276107474 16383
276123857 8193
276132050 4095
276136145 2049
276138194 1023
276139217 377
276139594 89
276139683 34
276139717 8
276139725 983040
277122765 4095
277126860 2049
277128909 610
277129519 233
277129752 89
277129841 13
277129854 3
277129857 1713270
278843127 16383
278859510 4095
278863605 1023
278864628 55
278864683 262143
279126826 131073
279257899 65535
279323434 32769
279356203 4095
279360298 2049
279362347 610
279362957 89
279363046 21
279363067 1
279363068 1249265
280612333 8193
280620526 1023
280621549 377
280621926 144
280622070 34
280622104 13
280622117 2
280622119 524289
281146408 131073
281277481 32769
281310250 8193
281318443 2049
281320492 1023
281321515 55
281321570 262143
281583713 32769
281616482 16383
281632865 4095
281636960 1023
281637983 610
281638593 144
281638737 21
281638758 3
281638761 262143
281900904 131073
282031977 65535
282097512 32769
282130281 16383
282146664 4095
282150759 610
282151369 34
282151403 13
282151416 5
282151421 1713270
283864691 131073
283995764 65535
284061299 16383
284077682 8193
284085875 1023
284086898 144
284087042 21
284087063 8
284087071 3
284087074 1
284087075 524289
284611364 131073
284742437 32769
284775206 8193
284783399 233
284783632 21
284783653 8
284783661 3
284783664 1249265
286032929 131073
286164002 2049
286166051 1023
286167074 610
286167684 89
286167773 21
286167794 8
286167802 2
286167804 2097153
288264957 65535
288330492 32769
288363261 16383
288379644 8193
288387837 2049
288389886 1023
288390909 987
288391896 8
288391904 1642481
290034385 32769
290067154 16383
290083537 8193
290091730 144
290091874 13
290091887 5
290091892 131073
290222965 65535
290288500 16383
290304883 8193
290313076 4095
290317171 1023
290318194 377
290318571 144
290318715 3
290318718 1
290318719 8193
290326912 2049
290328961 1023
290329984 610
290330594 89
290330683 13
290330696 5
290330701 65535
290396236 32769
290429005 16383
290445388 8193
290453581 2049
290455630 34
290455664 3
290455667 1511408
291967075 32769
291999844 377
292000221 89
292000310 21
292000331 8
292000339 1
292000340 786432
292786772 8193
292794965 1023
292795988 610
292796598 89
292796687 8
292796695 524289
293320984 4095
293325079 1023
293326102 610
293326712 55
293326767 21
293326788 8
293326796 2
293326798 524289
293851087 131073
293982160 65535
294047695 32769
294080464 8193
294088657 2049
294090706 610
294091316 144
294091460 34
294091494 8
294091502 2
294091504 262143
294353647 131073
294484720 65535
294550255 16383
294566638 8193
294574831 4095
294578926 2049
294580975 610
294581585 89
294581674 34
294581708 3
294581711 3884010
298465721 610
298466331 144
298466475 34
298466509 8
298466517 1
298466518 1713270
300179788 65535
300245323 32769
300278092 16383
300294475 4095
300298570 2049
300300619 377
300300996 55
300301051 13
300301064 262143
300563207 65535
300628742 2049
300630791 1023
300631814 377
300632191 34
300632225 13
300632238 5
300632243 1249265
301881508 131073
302012581 65535
302078116 32769
302110885 16383
302127268 1023
302128291 377
302128668 89
302128757 13
302128770 5
302128775 1
302128776 1048575
303177351 65535
303242886 16383
303259269 2049
303261318 610
303261928 144
303262072 55
303262127 21
303262148 8
303262156 3
303262159 786432
304048591 65535
304114126 8193
304122319 89
304122408 34
304122442 8
304122450 1
304122451 131073
304253524 32769
304286293 16383
304302676 8193
304310869 1023
304311892 233
304312125 55
304312180 5
304312185 1
304312186 1713270
306025456 131073
306156529 65535
306222064 8193
306230257 4095
306234352 1023
306235375 89
306235464 21
306235485 2
306235487 524289
306759776 8193
306767969 4095
306772064 1023
306773087 233
306773320 3
306773323 786432
307559755 65535
307625290 32769
307658059 16383
307674442 8193
307682635 1023
307683658 610
307684268 144
307684412 34
307684446 3
307684449 2097153
309781602 262143
310043745 131073
310174818 16383
310191201 8193
310199394 4095
310203489 1023
310204512 55
310204567 3
310204570 1
310204571 4081495
314286066 16383
314302449 8193
314310642 2049
314312691 233
314312924 34
314312958 8
314312966 3
314312969 262143
314575112 65535
314640647 16383
314657030 8193
314665223 4095
314669318 2049
314671367 1023
314672390 610
314673000 233
314673233 89
314673322 8
314673330 2
314673332 1048575
315721907 65535
315787442 32769
315820211 16383
315836594 4095
315840689 2049
315842738 987
315843725 13
315843738 5
315843743 2
315843745 4095
315847840 2049
315849889 1023
315850912 610
315851522 233
315851755 13
315851768 2
315851770 32769
315884539 8193
315892732 1023
315893755 610
315894365 144
315894509 8
315894517 2
315894519 786432
316680951 32769
316713720 610
316714330 233
316714563 34
316714597 13
316714610 3
316714613 1
316714614 131073
316845687 65535
316911222 8193
316919415 4095
316923510 1023
316924533 377
316924910 55
316924965 21
316924986 1
316924987 2049
316927036 1023
316928059 377
316928436 21
316928457 8
316928465 1
316928466 786432
317714898 32769
317747667 2049
317749716 610
317750326 144
317750470 55
317750525 21
317750546 3
317750549 262143
318012692 65535
318078227 8193
318086420 2049
318088469 610
318089079 34
318089113 13
318089126 2
318089128 131073
318220201 65535
318285736 16383
318302119 2049
318304168 233
318304401 13
318304414 3
318304417 262143
318566560 131073
318697633 65535
318763168 32769
318795937 16383
318812320 8193
318820513 4095
318824608 2049
318826657 610
318827267 34
318827301 8
318827309 3
318827312 786432
319613744 32769
319646513 8193
319654706 1023
319655729 610
319656339 144
319656483 21
319656504 8
319656512 1
319656513 2097153
321753666 131073
321884739 16383
321901122 4095
321905217 1023
321906240 610
321906850 233
321907083 3
321907086 1713270
323620356 65535
323685891 1023
323686914 233
323687147 55
323687202 8
323687210 1249265
324936475 65535
325002010 4095
325006105 1023
325007128 233
325007361 89
325007450 13
325007463 3
325007466 1
325007467 786432
325793899 16383
325810282 8193
325818475 2049
325820524 1023
325821547 144
325821691 21
325821712 8
325821720 1
325821721 5373951
331195672 16383
331212055 1023
331213078 89
331213167 34
331213201 8
331213209 2
331213211 1511408
332724619 65535
332790154 610
332790764 89
332790853 13
332790866 1
332790867 131073
332921940 65535
332987475 32769
333020244 16383
333036627 4095
333040722 2049
333042771 377
333043148 1511408
334554556 65535
334620091 32769
334652860 2049
334654909 1023
334655932 233
334656165 55
334656220 21
334656241 2
334656243 5408569
340064812 1713270
341778082 65535
341843617 32769
341876386 16383
341892769 4095
341896864 2049
341898913 1023
341899936 21
341899957 5
341899962 1
341899963 262143
342162106 4095
342166201 1023
342167224 233
342167457 55
342167512 21
342167533 1
342167534 262143
342429677 65535
342495212 32769
342527981 16383
342544364 1023
342545387 610
342545997 233
342546230 21
342546251 262143
342808394 65535
342873929 32769
342906698 8193
342914891 1023
342915914 144
342916058 3
342916061 1
342916062 131073
343047135 65535
343112670 8193
343120863 4095
343124958 2049
343127007 377
343127384 89
343127473 34
343127507 13
343127520 1713270
344840790 65535
344906325 8193
344914518 2049
344916567 1023
344917590 55
344917645 21
344917666 2
344917668 131073
345048741 65535
345114276 32769
345147045 144
345147189 2
345147191 65535
345212726 32769
345245495 16383
345261878 8193
345270071 2049
345272120 987
345273107 8
345273115 2
345273117 4095
345277212 1023
345278235 144
345278379 13
345278392 5
345278397 1
345278398 524289
345802687 65535
345868222 16383
345884605 8193
345892798 4095
345896893 2049
345898942 1023
345899965 610
345900575 233
345900808 2
345900810 131073
346031883 16383
346048266 8193
346056459 4095
346060554 2049
346062603 1023
346063626 233
346063859 55
346063914 13
346063927 3
346063930 524289
346588219 131073
346719292 32769
346752061 8193
346760254 4095
346764349 2049
346766398 610
346767008 233
346767241 89
346767330 21
346767351 2
346767353 65535
346832888 16383
346849271 4095
346853366 2049
346855415 1023
346856438 610
346857048 144
346857192 3
346857195 1
346857196 917505
347774701 16383
347791084 2049
347793133 1023
347794156 377
347794533 144
347794677 8
347794685 1
347794686 131073
347925759 16383
347942142 8193
347950335 4095
347954430 1023
347955453 610
347956063 144
347956207 8
347956215 1
347956216 1249265
349205481 131073
349336554 16383
349352937 8193
349361130 1023
349362153 377
349362530 144
349362674 55
349362729 13
349362742 3
349362745 1
349362746 786432
350149178 8193
350157371 4095
350161466 2049
350163515 1023
350164538 610
350165148 34
350165182 13
350165195 2
350165197 2097153
352262350 524289
352786639 131073
352917712 4095
352921807 2049
352923856 1023
352924879 377
352925256 144
352925400 13
352925413 65535
352990948 32769
353023717 2049
353025766 610
353026376 233
353026609 89
353026698 21
353026719 2
353026721 2097153
355123874 917505
356041379 8193
356049572 4095
356053667 1023
356054690 144
356054834 5
356054839 262143
356316982 131073
356448055 2049
356450104 1023
356451127 610
356451737 89
356451826 3
356451829 8193
356460022 2049
356462071 1023
356463094 610
356463704 89
356463793 13
356463806 5
356463811 1
356463812 524289
356988101 65535
357053636 32769
357086405 8193
357094598 1023
357095621 610
357096231 233
357096464 55
357096519 13
357096532 1
357096533 1005500
358102033 8193
358110226 4095
358114321 2049
358116370 1023
358117393 233
358117626 21
358117647 3
358117650 1
358117651 524289
358641940 32769
358674709 2049
358676758 610
358677368 233
358677601 21
358677622 5
358677627 262143
358939770 131073
359070843 32769
359103612 8193
359111805 2049
359113854 377
359114231 21
359114252 3
359114255 8193
359122448 2049
359124497 144
359124641 55
359124696 8
359124704 1511408
360636112 65535
360701647 16383
360718030 2049
360720079 233
360720312 21
360720333 8
360720341 524289
361244630 16383
361261013 8193
361269206 4095
361273301 1023
361274324 55
361274379 5
361274384 262143
361536527 65535
361602062 32769
361634831 16383
361651214 8193
361659407 2049
361661456 233
361661689 55
361661744 8
361661752 1
361661753 2097153
363758906 1249265
365008171 2049
365010220 233
365010453 34
365010487 8
365010495 2
365010497 2097153
367107650 16383
367124033 5
367124038 2
367124040 262143
367386183 32769
367418952 16383
367435335 4095
367439430 2049
367441479 1023
367442502 55
367442557 13
367442570 5
367442575 262143
367704718 65535
367770253 16383
367786636 610
367787246 144
367787390 8
367787398 1
367787399 2097153
369884552 1179648
371064200 8193
371072393 4095
371076488 2049
371078537 610
371079147 233
371079380 89
371079469 13
371079482 2
371079484 1249265
372328749 131073
372459822 16383
372476205 8193
372484398 4095
372488493 55
372488548 21
372488569 3
372488572 1
372488573 131073
372619646 32769
372652415 8193
372660608 2049
372662657 377
372663034 89
372663123 34
372663157 8
372663165 3
372663168 1
372663169 1249265
373912434 131073
374043507 8193
374051700 4095
374055795 2049
374057844 233
374058077 55
374058132 21
374058153 5
374058158 1
374058159 786432
374844591 65535
374910126 32769
374942895 16383
374959278 1023
374960301 610
374960911 233
374961144 55
374961199 3
374961202 1
374961203 262143
375223346 131073
375354419 65535
375419954 32769
375452723 8193
375460916 4095
375465011 1023
375466034 610
375466644 21
375466665 5
375466670 2
375466672 1713270
377179942 65535
377245477 4095
377249572 233
377249805 34
377249839 2
377249841 262143
377511984 65535
377577519 2049
377579568 1023
377580591 233
377580824 89
377580913 34
377580947 2
377580949 32769
377613718 1023
377614741 377
377615118 34
377615152 13
377615165 5
377615170 1
377615171 2097153
379712324 262143
379974467 8193
379982660 2049
379984709 233
379984942 34
379984976 8
379984984 2
379984986 2097153
382082139 1249265
383331404 131073
383462477 4095
383466572 1023
383467595 377
383467972 89
383468061 21
383468082 8
383468090 3
383468093 524289
383992382 131073
384123455 65535
384188990 16383
384205373 8193
384213566 4095
384217661 2049
384219710 987
384220697 13
384220710 1
384220711 786432
385007143 8193
385015336 4095
385019431 2049
385021480 1023
385022503 610
385023113 34
385023147 262143
385285290 16383
385301673 1023
385302696 610
385303306 233
385303539 89
385303628 34
385303662 5
385303667 2
385303669 524289
385827958 65535
385893493 32769
385926262 16383
385942645 8193
385950838 4095
385954933 2049
385956982 1023
385958005 610
385958615 89
385958704 34
385958738 13
385958751 2
385958753 1642481
387601234 32769
387634003 16383
387650386 144
387650530 34
387650564 2
387650566 2073717
389724283 8193
389732476 4095
389736571 1023
389737594 377
389737971 55
389738026 21
389738047 8
389738055 3
389738058 1713270
391451328 131073
391582401 32769
391615170 16383
391631553 4095
391635648 2049
391637697 233
391637930 34
391637964 3
391637967 1
391637968 524289
392162257 65535
392227792 32769
392260561 16383
392276944 8193
392285137 4095
392289232 1023
392290255 987
392291242 13
392291255 2
392291257 524289
392815546 131073
392946619 16383
392963002 2049
392965051 233
392965284 89
392965373 34
392965407 13
392965420 3
392965423 262143
393227566 8193
393235759 377
393236136 89
393236225 21
393236246 5
393236251 2
393236253 2097153
395333406 1038269
396371675 1023
396372698 610
396373308 55
396373363 21
396373384 8
396373392 3
396373395 131073
396504468 2049
396506517 1023
396507540 89
396507629 13
396507642 5
396507647 786432
397294079 65535
397359614 32769
397392383 16383
397408766 8193
397416959 2049
397419008 1023
397420031 89
397420120 13
397420133 5
397420138 262143
397682281 32769
397715050 8193
397723243 2049
397725292 1023
397726315 610
397726925 89
397727014 21
397727035 8
397727043 1005500
398732543 2049
398734592 1023
398735615 21
398735636 3
398735639 524289
399259928 65535
399325463 4095
399329558 1023
399330581 610
399331191 144
399331335 21
399331356 5
399331361 524289
399855650 131073
399986723 65535
400052258 4095
400056353 610
400056963 233
400057196 89
400057285 5
400057290 1
400057291 2097153
402154444 131073
402285517 8193
402293710 610
402294320 233
402294553 13
402294566 3
402294569 1
402294570 1048575
403343145 32769
403375914 8193
403384107 4095
403388202 55
403388257 8
403388265 2097153
405485418 262143
405747561 65535
405813096 4095
405817191 2049
405819240 1023
405820263 610
405820873 233
405821106 89
405821195 21
405821216 3
405821219 1048575
406869794 32769
406902563 377
406902940 89
406903029 21
406903050 5
406903055 1
406903056 1713270
408616326 131073
408747399 65535
408812934 16383
408829317 2049
408831366 610
408831976 233
408832209 55
408832264 21
408832285 262143
409094428 32769
409127197 16383
409143580 1023
409144603 233
409144836 89
409144925 21
409144946 5
409144951 917505
410062456 4095
410066551 610
410067161 55
410067216 21
410067237 1
410067238 1249265
411316503 131073
411447576 32769
411480345 4095
411484440 1023
411485463 610
411486073 233
411486306 89
411486395 34
411486429 13
411486442 1
411486443 4194303
415680746 917505
416598251 16383
416614634 8193
416622827 4095
416626922 1023
416627945 610
416628555 233
416628788 13
416628801 1
416628802 262143
416890945 65535
416956480 4095
416960575 1023
416961598 610
416962208 233
416962441 89
416962530 34
416962564 5
416962569 65535
417028104 32769
417060873 16383
417077256 8193
417085449 4095
417089544 2049
417091593 1023
417092616 144
417092760 8
417092768 3
417092771 1511408
418604179 32769
418636948 4095
418641043 1023
418642066 377
418642443 144
418642587 55
418642642 8
418642650 3
418642653 1
418642654 1048575
419691229 65535
419756764 16383
419773147 2049
419775196 144
419775340 55
419775395 21
419775416 3
419775419 524289
420299708 32769
420332477 16383
420348860 2049
420350909 1023
420351932 233
420352165 55
420352220 21
420352241 8
420352249 1249265
421601514 131073
421732587 65535
421798122 32769
421830891 16383
421847274 8193
421855467 2049
421857516 1023
421858539 610
421859149 233
421859382 89
421859471 21
421859492 5
421859497 131073
421990570 8193
421998763 1023
421999786 233
422000019 55
422000074 21
422000095 8
422000103 3
422000106 1
422000107 2097153
424097260 524289
424621549 2049
424623598 1023
424624621 610
424625231 89
424625320 3
424625323 1
424625324 2097153
426722477 524289
427246766 65535
427312301 32769
427345070 16383
427361453 8193
427369646 4095
427373741 1023
427374764 610
427375374 144
427375518 8
427375526 1
427375527 262143
427637670 65535
427703205 4095
427707300 233
427707533 55
427707588 13
427707601 5
427707606 2
427707608 786432
428494040 16383
428510423 1023
428511446 610
428512056 144
428512200 5
428512205 1
428512206 524289
429036495 65535
429102030 32769
429134799 16383
429151182 8193
429159375 2049
429161424 610
429162034 34
429162068 13
429162081 3
429162084 1
429162085 524289
429686374 131073
429817447 16383
429833830 2049
429835879 1023
429836902 610
429837512 34
429837546 8
429837554 1713270
431550824 131073
431681897 32769
431714666 4095
431718761 2049
431720810 1023
431721833 610
431722443 144
431722587 34
431722621 5
431722626 2
431722628 524289
432246917 32769
432279686 16383
432296069 8193
432304262 4095
432308357 2049
432310406 233
432310639 89
432310728 21
432310749 2
432310751 131073
432441824 65535
432507359 2049
432509408 1023
432510431 233
432510664 21
432510685 8
432510693 1713270
434223963 16383
434240346 8193
434248539 2049
434250588 377
434250965 89
434251054 34
434251088 13
434251101 3
434251104 786432
435037536 32769
435070305 16383
435086688 8193
435094881 4095
435098976 2049
435101025 1023
435102048 377
435102425 89
435102514 34
435102548 8
435102556 3
435102559 1
435102560 917505
436020065 4095
436024160 144
436024304 34
436024338 13
436024351 1511408
437535759 32769
437568528 16383
437584911 2049
437586960 1023
437587983 377
437588360 21
437588381 5
437588386 786432
438374818 65535
438440353 32769
438473122 8193
438481315 4095
438485410 2049
438487459 89
438487548 13
438487561 5
438487566 1
438487567 262143
438749710 131073
438880783 32769
438913552 16383
438929935 4095
438934030 1023
438935053 89
438935142 34
438935176 13
438935189 1
438935190 1713270
440648460 131073
440779533 8193
440787726 2049
440789775 233
440790008 55
440790063 21
440790084 1
440790085 1048575
441838660 65535
441904195 16383
441920578 2049
441922627 89
441922716 21
441922737 1
441922738 2097153
444019891 786432
444806323 65535
444871858 8193
444880051 4095
444884146 610
444884756 233
444884989 8
444884997 3
444885000 32769
444917769 8193
444925962 4095
444930057 2049
444932106 610
444932716 233
444932949 55
444933004 13
444933017 2
444933019 524289
445457308 65535
445522843 8193
445531036 2049
445533085 1023
445534108 377
445534485 144
445534629 55
445534684 8
445534692 1
445534693 1048575
446583268 32769
446616037 8193
446624230 2049
446626279 1023
446627302 377
446627679 144
446627823 34
446627857 13
446627870 2
446627872 131073
446758945 65535
446824480 32769
446857249 8193
446865442 1023
446866465 233
446866698 21
446866719 8
446866727 3
446866730 65535
446932265 8193
446940458 2049
446942507 233
446942740 5
446942745 2
446942747 262143
447204890 131073
447335963 65535
447401498 8193
447409691 2049
447411740 89
447411829 8
447411837 2097153
449508990 65535
449574525 8193
449582718 4095
449586813 377
449587190 55
449587245 21
449587266 8
449587274 65535
449652809 16383
449669192 8193
449677385 4095
449681480 1023
449682503 610
449683113 233
449683346 89
449683435 3
449683438 1
449683439 1179648
450863087 16383
450879470 8193
450887663 4095
450891758 2049
450893807 1023
450894830 144
450894974 5
450894979 262143
451157122 65535
451222657 32769
451255426 16383
451271809 4095
451275904 2049
451277953 1023
451278976 610
451279586 89
451279675 21
451279696 262143
451541839 16383
451558222 2049
451560271 377
451560648 144
451560792 34
451560826 8
451560834 524289
452085123 2049
452087172 1023
452088195 610
452088805 233
452089038 89
452089127 5
452089132 1
452089133 262143
452351276 34
452351310 2
452351312 1048575
453399887 65535
453465422 32769
453498191 8193
453506384 4095
453510479 2049
453512528 1023
453513551 21
453513572 8
453513580 1
453513581 524289
454037870 131073
454168943 65535
454234478 16383
454250861 4095
454254956 233
454255189 89
454255278 13
454255291 5
454255296 1
454255297 524289
454779586 32769
454812355 4095
454816450 1023
454817473 89
454817562 13
454817575 32769
454850344 4095
454854439 2049
454856488 55
454856543 13
454856556 1
454856557 524289
455380846 65535
455446381 32769
455479150 16383
455495533 8193
455503726 4095
455507821 2049
455509870 1023
455510893 610
455511503 89
455511592 34
455511626 8
455511634 1247232
456758866 610
456759476 233
456759709 34
456759743 524289
457284032 8193
457292225 2049
457294274 1023
457295297 144
457295441 21
457295462 5
457295467 1249265
458544732 65535
458610267 32769
458643036 8193
458651229 2049
458653278 1023
458654301 144
458654445 13
458654458 3
458654461 524289
459178750 16383
459195133 4095
459199228 377
459199605 89
459199694 21
459199715 5
459199720 1
459199721 262143
459461864 131073
459592937 65535
459658472 8193
459666665 1023
459667688 610
459668298 233
459668531 55
459668586 8
459668594 3
459668597 1249265
460917862 65535
460983397 16383
460999780 8193
461007973 4095
461012068 2049
461014117 233
461014350 13
461014363 5
461014368 4095
461018463 2049
461020512 1023
461021535 610
461022145 144
461022289 55
461022344 8
461022352 262143
461284495 16383
461300878 4095
461304973 2049
461307022 89
461307111 5
461307116 262143
461569259 32769
461602028 16383
461618411 610
461619021 34
461619055 13
461619068 3
461619071 1
461619072 1048575
462667647 16383
462684030 8193
462692223 233
462692456 55
462692511 21
462692532 5
462692537 524289
463216826 65535
463282361 32769
463315130 16383
463331513 8193
463339706 2049
463341755 233
463341988 55
463342043 5
463342048 1
463342049 1249265
464591314 131073
464722387 65535
464787922 8193
464796115 4095
464800210 2049
464802259 1023
464803282 377
464803659 144
464803803 34
464803837 3
464803840 1
464803841 262143
465065984 16383
465082367 8193
465090560 4095
465094655 610
465095265 89
465095354 21
465095375 8
465095383 3
465095386 1
465095387 131073
465226460 65535
465291995 16383
465308378 1023
465309401 610
465310011 144
465310155 55
465310210 21
465310231 131073
465441304 65535
465506839 32769
465539608 16383
465555991 8193
465564184 4095
465568279 2049
465570328 610
465570938 144
465571082 21
465571103 8
465571111 3
465571114 1
465571115 3617993
469189108 131073
469320181 65535
469385716 32769
469418485 16383
469434868 8193
469443061 377
469443438 55
469443493 8
469443501 3
469443504 65535
469509039 32769
469541808 16383
469558191 1023
469559214 144
469559358 55
469559413 21
469559434 8
469559442 2
469559444 262143
469821587 131073
469952660 65535
470018195 32769
470050964 16383
470067347 4095
470071442 1023
470072465 144
470072609 21
470072630 2
470072632 2097153
472169785 524289
472694074 131073
472825147 32769
472857916 4095
472862011 2049
472864060 377
472864437 55
472864492 13
472864505 2
472864507 262143
473126650 65535
473192185 32769
473224954 8193
473233147 89
473233236 34
473233270 8
473233278 1
473233279 2097153
475330432 131073
475461505 32769
475494274 8193
475502467 2049
475504516 1023
475505539 610
475506149 34
475506183 13
475506196 1
475506197 2097153
477603350 1179648
478782998 32769
478815767 4095
478819862 233
478820095 8
478820103 3
478820106 1
478820107 65535
478885642 16383
478902025 8193
478910218 4095
478914313 2049
478916362 55
478916417 21
478916438 8
478916446 3
478916449 786432
479702881 65535
479768416 2049
479770465 1023
479771488 610
479772098 55
479772153 13
479772166 5
479772171 1
479772172 1048575
480820747 65535
480886282 8193
480894475 2049
480896524 144
480896668 21
480896689 3
480896692 1
480896693 262143
481158836 65535
481224371 4095
481228466 2049
481230515 1023
481231538 610
481232148 5
481232153 262143
481494296 65535
481559831 32769
481592600 16383
481608983 2049
481611032 1023
481612055 377
481612432 89
481612521 34
481612555 13
481612568 5
481612573 1249265
482861838 131073
482992911 16383
483009294 4095
483013389 2049
483015438 610
483016048 34
483016082 13
483016095 3
483016098 1
483016099 131073
483147172 32769
483179941 16383
483196324 8193
483204517 377
483204894 89
483204983 34
483205017 13
483205030 5
483205035 1
483205036 7653468
490858504 262143
491120647 131073
491251720 65535
491317255 32769
491350024 2049
491352073 377
491352450 144
491352594 55
491352649 21
491352670 5
491352675 1
491352676 1249265
492601941 65535
492667476 32769
492700245 16383
492716628 8193
492724821 610
492725431 89
492725520 34
492725554 8
492725562 1
492725563 1511408
494236971 4095
494241066 2049
494243115 1023
494244138 610
494244748 144
494244892 13
494244905 5
494244910 2
494244912 131073
494375985 32769
494408754 16383
494425137 4095
494429232 2049
494431281 1023
494432304 987
494433291 8
494433299 3
494433302 1
494433303 262143
494695446 16383
494711829 8193
494720022 4095
494724117 610
494724727 55
494724782 5
494724787 131073
494855860 16383
494872243 4095
494876338 2049
494878387 377
494878764 144
494878908 13
494878921 5
494878926 1
494878927 262143
495141070 16383
495157453 8193
495165646 233
495165879 34
495165913 3
495165916 262143
495428059 131073
495559132 32769
495591901 16383
495608284 8193
495616477 377
495616854 55
495616909 13
495616922 5
495616927 2
495616929 524289
496141218 32769
496173987 1023
496175010 144
496175154 55
496175209 21
496175230 5
496175235 2
496175237 1048575
497223812 65535
497289347 32769
497322116 16383
497338499 2049
497340548 233
497340781 55
497340836 21
497340857 3
497340860 1249265
498590125 65535
498655660 32769
498688429 16383
498704812 2049
498706861 1023
498707884 610
498708494 144
498708638 21
498708659 5
498708664 2
498708666 131073
498839739 65535
498905274 32769
498938043 8193
498946236 4095
498950331 2049
498952380 144
498952524 55
498952579 21
498952600 3
498952603 1
498952604 65535
499018139 32769
499050908 4095
499055003 2049
499057052 610
499057662 233
499057895 8
499057903 3
499057906 16383
499074289 1023
499075312 610
499075922 233
499076155 89
499076244 5
499076249 2097153
501173402 786432
501959834 2049
501961883 377
501962260 89
501962349 21
501962370 1
501962371 3617993
505580364 65535
505645899 144
505646043 21
505646064 8
505646072 3
505646075 1249265
506895340 32769
506928109 8193
506936302 610
506936912 233
506937145 3
506937148 1
506937149 65535
507002684 4095
507006779 1023
507007802 610
507008412 233
507008645 89
507008734 34
507008768 13
507008781 3
507008784 1
507008785 917505
507926290 32769
507959059 16383
507975442 8193
507983635 4095
507987730 1023
507988753 610
507989363 233
507989596 34
507989630 13
507989643 5
507989648 1
507989649 1048575
509038224 32769
509070993 16383
509087376 4095
509091471 2049
509093520 1023
509094543 89
509094632 34
509094666 13
509094679 1
509094680 2097153
511191833 524289
511716122 65535
511781657 32769
511814426 2049
511816475 610
511817085 89
511817174 34
511817208 13
511817221 5
511817226 1048575
512865801 65535
512931336 4095
512935431 610
512936041 233
512936274 34
512936308 13
512936321 3
512936324 786432
513722756 8193
513730949 2049
513732998 610
513733608 144
513733752 55
513733807 8
513733815 2
513733817 262143
513995960 1023
513996983 987
513997970 21
513997991 2
513997993 1048575
515046568 32769
515079337 8193
515087530 610
515088140 233
515088373 89
515088462 21
515088483 8
515088491 983040
516071531 8193
516079724 4095
516083819 2049
516085868 1023
516086891 610
516087501 233
516087734 89
516087823 21
516087844 3
516087847 262143
516349990 131073
516481063 32769
516513832 4095
516517927 610
516518537 89
516518626 34
516518660 13
516518673 5
516518678 1
516518679 786432
517305111 65535
517370646 32769
517403415 8193
517411608 4095
517415703 13
517415716 3
517415719 1
517415720 4081495
521497215 32769
521529984 16383
521546367 4095
521550462 2049
521552511 1023
521553534 377
521553911 144
521554055 55
521554110 5
521554115 4194303
525748418 32769
525781187 16383
525797570 8193
525805763 2049
525807812 1023
525808835 233
525809068 89
525809157 5
525809162 2
525809164 2097153
527906317 262143
528168460 131073
528299533 8193
528307726 21
528307747 2
528307749 524289
528832038 131073
528963111 8193
528971304 4095
528975399 2049
528977448 233
528977681 89
528977770 8
528977778 1
528977779 917505
529895284 32769
529928053 8193
529936246 4095
529940341 2049
529942390 1023
529943413 377
529943790 89
529943879 34
529943913 13
529943926 524289
530468215 32769
530500984 8193
530509177 1023
530510200 89
530510289 21
530510310 5
530510315 2
530510317 131073
530641390 32769
530674159 1023
530675182 233
530675415 89
530675504 13
530675517 3
530675520 524289
531199809 131073
531330882 16383
531347265 2049
531349314 1023
531350337 610
531350947 233
531351180 55
531351235 21
531351256 8
531351264 3
531351267 1
531351268 2097153
533448421 131073
533579494 65535
533645029 32769
533677798 16383
533694181 8193
533702374 4095
533706469 2049
533708518 610
533709128 55
533709183 13
533709196 1
533709197 786432
534495629 16383
534512012 8193
534520205 2049
534522254 1023
534523277 233
534523510 55
534523565 21
534523586 8
534523594 2
534523596 131073
534654669 65535
534720204 8193
534728397 4095
534732492 2049
534734541 1023
534735564 262143
534997707 131073
535128780 2049
535130829 377
535131206 89
535131295 34
535131329 13
535131342 1
535131343 1713270
536844613 16383
536860996 8193
536869189 1023
536870212 610
536870822 89
536870911 2
536870913 1511408
538382321 65535
538447856 4095
538451951 1023
538452974 377
538453351 89
538453440 21
538453461 8
538453469 3
538453472 1048575
539502047 16383
539518430 1023
539519453 610
539520063 144
539520207 34
539520241 2
539520243 1713270
541233513 16383
541249896 4095
541253991 2049
541256040 89
541256129 8
541256137 32769
541288906 16383
541305289 4095
541309384 2049
541311433 1023
541312456 610
541313066 144
541313210 34
541313244 13
541313257 16383
541329640 8193
541337833 1023
541338856 233
541339089 55
541339144 5
541339149 1
541339150 1511408
542850558 32769
542883327 89
542883416 34
542883450 13
542883463 1
542883464 786432
543669896 16383
543686279 8193
543694472 4095
543698567 2049
543700616 610
543701226 144
543701370 21
543701391 3
543701394 1
543701395 1179648
544881043 16383
544897426 4095
544901521 1023
544902544 610
544903154 144
544903298 21
544903319 3
544903322 1
544903323 786432
545689755 65535
545755290 8193
545763483 4095
545767578 2049
545769627 1023
545770650 144
545770794 2
545770796 2097153
547867949 524289
548392238 65535
548457773 32769
548490542 8193
548498735 4095
548502830 2049
548504879 233
548505112 13
548505125 262143
548767268 32769
548800037 16383
548816420 8193
548824613 2049
548826662 1023
548827685 610
548828295 233
548828528 21
548828549 2
548828551 2097153
550925704 262143
551187847 65535
551253382 32769
551286151 2049
551288200 377
551288577 13
551288590 131073
551419663 32769
551452432 8193
551460625 4095
551464720 1023
551465743 610
551466353 5
551466358 16383
551482741 8193
551490934 2049
551492983 610
551493593 34
551493627 8
551493635 2
551493637 1249265
552742902 377
552743279 89
552743368 34
552743402 13
552743415 2097153
554840568 131073
554971641 65535
555037176 32769
555069945 16383
555086328 8193
555094521 55
555094576 5
555094581 1
555094582 1048575
556143157 65535
556208692 4095
556212787 2049
556214836 1023
556215859 89
556215948 13
556215961 262143
556478104 131073
556609177 8193
556617370 4095
556621465 2049
556623514 89
556623603 8
556623611 131073
556754684 65535
556820219 8193
556828412 4095
556832507 2049
556834556 1023
556835579 610
556836189 144
556836333 55
556836388 1
556836389 262143
557098532 131073
557229605 65535
557295140 1023
557296163 55
557296218 3
557296221 131073
557427294 65535
557492829 32769
557525598 16383
557541981 8193
557550174 2049
557552223 610
557552833 3
557552836 1
557552837 786432
558339269 32769
558372038 4095
558376133 2049
558378182 1023
558379205 610
558379815 89
558379904 34
558379938 8
558379946 2
558379948 65535
558445483 32769
558478252 16383
558494635 8193
558502828 4095
558506923 2049
558508972 1023
558509995 610
558510605 233
558510838 13
558510851 5
558510856 2
558510858 786432
559297290 65535
559362825 8193
559371018 2049
559373067 1023
559374090 610
559374700 144
559374844 55
559374899 8
559374907 3
559374910 1
559374911 2097153
561472064 524289
561996353 65535
562061888 2049
562063937 1023
562064960 233
562065193 55
562065248 21
562065269 8
562065277 3
562065280 2097153
564162433 2049
564164482 1023
564165505 610
564166115 233
564166348 8
564166356 3
564166359 524289
564690648 131073
564821721 65535
564887256 32769
564920025 16383
564936408 8193
564944601 144
564944745 55
564944800 13
564944813 5
564944818 8193
564953011 4095
564957106 2049
564959155 610
564959765 233
564959998 89
564960087 34
564960121 13
564960134 3
564960137 262143
565222280 65535
565287815 32769
565320584 16383
565336967 4095
565341062 377
565341439 144
565341583 786432
566128015 65535
566193550 32769
566226319 1023
566227342 610
566227952 89
566228041 8
566228049 2
566228051 524289
566752340 131073
566883413 16383
566899796 8193
566907989 144
566908133 21
566908154 8
566908162 3
566908165 131073
567039238 16383
567055621 2049
567057670 377
567058047 89
567058136 5
567058141 983040
568041181 4095
568045276 377
568045653 89
568045742 5
568045747 32769
568078516 8193
568086709 2049
568088758 1023
568089781 233
568090014 55
568090069 786432
568876501 65535
568942036 32769
568974805 2049
568976854 1023
568977877 144
568978021 34
568978055 13
568978068 1713270
570691338 131073
570822411 65535
570887946 16383
570904329 8193
570912522 233
570912755 89
570912844 34
570912878 13
570912891 3
570912894 1
570912895 262143
571175038 65535
571240573 32769
571273342 16383
571289725 4095
571293820 2049
571295869 1023
571296892 610
571297502 233
571297735 55
571297790 13
571297803 5
571297808 2
571297810 1249265
572547075 32769
572579844 16383
572596227 8193
572604420 144
572604564 34
572604598 8
572604606 1
572604607 65535
572670142 32769
572702911 16383
572719294 8193
572727487 2049
572729536 1023
572730559 610
572731169 13
572731182 5
572731187 2
572731189 262143
572993332 131073
573124405 65535
573189940 16383
573206323 4095
573210418 1023
573211441 233
573211674 89
573211763 34
573211797 8
573211805 1
573211806 2097153
575308959 32769
575341728 16383
575358111 4095
575362206 2049
575364255 1023
575365278 89
575365367 2
575365369 262143
575627512 131073
575758585 65535
575824120 8193
575832313 4095
575836408 2049
575838457 1023
575839480 610
575840090 89
575840179 34
575840213 13
575840226 5
575840231 262143
576102374 131073
576233447 32769
576266216 8193
576274409 4095
576278504 2049
576280553 1023
576281576 144
576281720 21
576281741 3
576281744 1
576281745 524289
576806034 32769
576838803 8193
576846996 4095
576851091 2049
576853140 233
576853373 89
576853462 21
576853483 8
576853491 2
576853493 524289
577377782 65535
577443317 32769
577476086 4095
577480181 89
577480270 8
577480278 1
577480279 1249265
578729544 131073
578860617 32769
578893386 16383
578909769 4095
578913864 1023
578914887 144
578915031 55
578915086 13
578915099 5
578915104 1
578915105 131073
579046178 65535
579111713 16383
579128096 8193
579136289 4095
579140384 1023
579141407 377
579141784 144
579141928 34
579141962 1
579141963 524289
579666252 65535
579731787 32769
579764556 8193
579772749 4095
579776844 1023
579777867 610
579778477 233
579778710 55
579778765 3
579778768 1
579778769 524289
580303058 65535
580368593 1023
580369616 377
580369993 144
580370137 55
580370192 21
580370213 3
580370216 1
580370217 1249265
581619482 131073
581750555 65535
581816090 16383
581832473 8193
581840666 4095
581844761 2049
581846810 610
581847420 89
581847509 34
581847543 5
581847548 2
581847550 262143
582109693 65535
582175228 4095
582179323 1023
582180346 377
582180723 89
582180812 21
582180833 1
582180834 8193
582189027 4095
582193122 2049
582195171 1023
582196194 610
582196804 144
582196948 55
582197003 13
582197016 1
582197017 786432
582983449 8193
582991642 4095
582995737 2049
582997786 1023
582998809 610
582999419 233
582999652 55
582999707 13
582999720 1
582999721 65535
583065256 32769
583098025 4095
583102120 2049
583104169 1023
583105192 233
583105425 55
583105480 21
583105501 8
583105509 3
583105512 1
583105513 2097153
585202666 262143
585464809 131073
585595882 2049
585597931 1023
585598954 3
585598957 917505
586516462 2049
586518511 610
586519121 233
586519354 89
586519443 34
586519477 1
586519478 2097153
588616631 1179648
589796279 32769
589829048 16383
589845431 8193
589853624 4095
589857719 2049
589859768 233
589860001 89
589860090 21
589860111 2
589860113 1038269
590898382 2049
590900431 1023
590901454 144
590901598 5
590901603 2
590901605 524289
591425894 32769
591458663 8193
591466856 4095
591470951 377
591471328 34
591471362 13
591471375 5
591471380 1048575
592519955 65535
592585490 32769
592618259 4095
592622354 1023
592623377 377
592623754 144
592623898 34
592623932 13
592623945 2
592623947 1249265
593873212 65535
593938747 32769
593971516 8193
593979709 1023
593980732 377
593981109 13
593981122 3
593981125 1
593981126 1179648
595160774 233
595161007 55
595161062 13
595161075 1
595161076 1048575
596209651 65535
596275186 8193
596283379 1023
596284402 377
596284779 144
596284923 13
596284936 3
596284939 1
596284940 786432
597071372 65535
597136907 8193
597145100 2049
597147149 610
597147759 55
597147814 13
597147827 5
597147832 1
597147833 262143
597409976 131073
597541049 1023
597542072 144
597542216 55
597542271 8
597542279 2
597542281 2097153
599639434 1179648
600819082 32769
600851851 16383
600868234 2049
600870283 1023
600871306 2
600871308 524289
601395597 2049
601397646 1023
601398669 610
601399279 233
601399512 34
601399546 5
601399551 262143
601661694 65535
601727229 32769
601759998 8193
601768191 1023
601769214 233
601769447 89
601769536 21
601769557 16383
601785940 377
601786317 89
601786406 8
601786414 1
601786415 131073
601917488 32769
601950257 16383
601966640 4095
601970735 1023
601971758 610
601972368 144
601972512 1
601972513 131073
602103586 65535
602169121 4095
602173216 2049
602175265 377
602175642 89
602175731 1
602175732 1511408
603687140 65535
603752675 32769
603785444 16383
603801827 4095
603805922 2049
603807971 1023
603808994 144
603809138 55
603809193 21
603809214 3
603809217 1
603809218 262143
604071361 65535
604136896 8193
604145089 4095
604149184 377
604149561 144
604149705 21
604149726 8
604149734 2
604149736 262143
604411879 16383
604428262 2049
604430311 21
604430332 5
604430337 1
604430338 131073
604561411 32769
604594180 4095
604598275 2049
604600324 1023
604601347 610
604601957 89
604602046 34
604602080 8
604602088 3
604602091 262143
604864234 65535
604929769 16383
604946152 4095
604950247 2049
604952296 377
604952673 144
604952817 55
604952872 21
604952893 3
604952896 1
604952897 262143
605215040 131073
605346113 65535
605411648 32769
605444417 16383
605460800 8193
605468993 610
605469603 144
605469747 21
605469768 1
605469769 1249265
606719034 16383
606735417 8193
606743610 2049
606745659 1023
606746682 233
606746915 55
606746970 5
606746975 2
606746977 262143
607009120 65535
607074655 8193
607082848 4095
607086943 1023
607087966 233
607088199 3
607088202 1
607088203 524289
607612492 131073
607743565 65535
607809100 8193
607817293 144
607817437 21
607817458 3
607817461 786432
608603893 65535
608669428 32769
608702197 4095
608706292 1023
608707315 610
608707925 89
608708014 34
608708048 8
608708056 3
608708059 131073
608839132 65535
608904667 32769
608937436 16383
608953819 2049
608955868 377
608956245 144
608956389 34
608956423 13
608956436 3
608956439 65535
609021974 8193
609030167 4095
609034262 1023
609035285 610
609035895 144
609036039 2
609036041 1048575
610084616 32769
610117385 4095
610121480 2049
610123529 233
610123762 89
610123851 34
610123885 13
610123898 5
610123903 2
610123905 524289
610648194 131073
610779267 65535
610844802 32769
610877571 8193
610885764 1023
610886787 3
610886790 1
610886791 262143
611148934 131073
611280007 65535
611345542 16383
611361925 8193
611370118 377
611370495 144
611370639 34
611370673 5
611370678 2
611370680 4194303
615564983 262143
615827126 65535
615892661 32769
615925430 8193
615933623 2049
615935672 1023
615936695 610
615937305 233
615937538 55
615937593 8
615937601 2
615937603 524289
616461892 4095
616465987 2049
616468036 1023
616469059 377
616469436 144
616469580 3
616469583 1
616469584 1048575
617518159 65535
617583694 32769
617616463 2049
617618512 610
617619122 233
617619355 8
617619363 3
617619366 1
617619367 262143
617881510 131073
618012583 65535
618078118 16383
618094501 610
618095111 89
618095200 13
618095213 1
618095214 131073
618226287 65535
618291822 32769
618324591 16383
618340974 1023
618341997 144
618342141 8
618342149 2
618342151 262143
618604294 65535
618669829 16383
618686212 8193
618694405 1023
618695428 233
618695661 89
618695750 34
618695784 8
618695792 3
618695795 917505
619613300 16383
619629683 4095
619633778 2049
619635827 1023
619636850 377
619637227 144
619637371 8
619637379 3
619637382 262143
619899525 131073
620030598 8193
620038791 4095
620042886 1023
620043909 377
620044286 55
620044341 21
620044362 8
620044370 2
620044372 131073
620175445 65535
620240980 32769
620273749 4095
620277844 55
620277899 5
620277904 2
620277906 262143
620540049 32769
620572818 16383
620589201 8193
620597394 4095
620601489 2049
620603538 377
620603915 144
620604059 34
620604093 8
620604101 2
620604103 524289
621128392 131073
621259465 32769
621292234 16383
621308617 233
621308850 21
621308871 8
621308879 2097153
623406032 1048575
624454607 8193
624462800 2049
624464849 1023
624465872 610
624466482 233
624466715 89
624466804 13
624466817 5
624466822 1
624466823 786432
625253255 16383
625269638 8193
625277831 4095
625281926 1023
625282949 233
625283182 89
625283271 34
625283305 5
625283310 1713270
626996580 131073
627127653 32769
627160422 16383
627176805 8193
627184998 2049
627187047 610
627187657 233
627187890 89
627187979 13
627187992 5
627187997 2
627187999 1249265
628437264 131073
628568337 4095
628572432 2049
628574481 1023
628575504 233
628575737 55
628575792 13
628575805 1048575
629624380 16383
629640763 8193
629648956 1023
629649979 377
629650356 144
629650500 34
629650534 5
629650539 1
629650540 1249265
630899805 32769
630932574 16383
630948957 4095
630953052 2049
630955101 1023
630956124 13
630956137 2
630956139 2097153
633053292 262143
633315435 16383
633331818 4095
633335913 89
633336002 34
633336036 13
633336049 131073
633467122 16383
633483505 8193
633491698 4095
633495793 2049
633497842 610
633498452 144
633498596 55
633498651 21
633498672 1
633498673 786432
634285105 2049
634287154 1023
634288177 377
634288554 89
634288643 13
634288656 5
634288661 2
634288663 65535
634354198 32769
634386967 8193
634395160 4095
634399255 1023
634400278 233
634400511 55
634400566 13
634400579 1
634400580 2097153
636497733 262143
636759876 16383
636776259 4095
636780354 377
636780731 144
636780875 55
636780930 21
636780951 3
636780954 1
636780955 1023
636781978 610
636782588 233
636782821 55
636782876 21
636782897 5
636782902 2
636782904 786432
637569336 16383
637585719 4095
637589814 1023
637590837 610
637591447 233
637591680 89
637591769 8
637591777 3
637591780 1
637591781 524289
638116070 4095
638120165 610
638120775 34
638120809 8
638120817 1713270
639834087 131073
639965160 16383
639981543 8193
639989736 2049
639991785 1023
639992808 144
639992952 21
639992973 2
639992975 3617993
643610968 131073
643742041 32769
643774810 16383
643791193 4095
643795288 1023
643796311 610
643796921 144
643797065 55
643797120 262143
644059263 65535
644124798 32769
644157567 4095
644161662 144
644161806 55
644161861 21
644161882 8
644161890 3
644161893 2097153
646259046 262143
646521189 131073
646652262 65535
646717797 16383
646734180 8193
646742373 1023
646743396 233
646743629 21
646743650 8
646743658 917505
647661163 32769
647693932 8193
647702125 4095
647706220 1023
647707243 233
647707476 55
647707531 21
647707552 8
647707560 1
647707561 524289
648231850 131073
648362923 16383
648379306 4095
648383401 610
648384011 144
648384155 21
648384176 8
648384184 2
648384186 1048575
649432761 65535
649498296 16383
649514679 2049
649516728 1023
649517751 377
649518128 89
649518217 21
649518238 8
649518246 2
649518248 1249265
650767513 8193
650775706 4095
650779801 2049
650781850 1023
650782873 377
650783250 55
650783305 13
650783318 3
650783321 262143
651045464 32769
651078233 8193
651086426 4095
651090521 2049
651092570 233
651092803 21
651092824 5
651092829 2
651092831 524289
651617120 131073
651748193 65535
651813728 32769
651846497 1023
651847520 233
651847753 89
651847842 21
651847863 8
651847871 1
651847872 262143
652110015 8193
652118208 2049
652120257 1023
652121280 987
652122267 8
652122275 1249265
653371540 8193
653379733 4095
653383828 2049
653385877 1023
653386900 610
653387510 233
653387743 89
653387832 1
653387833 2097153
655484986 786432
656271418 65535
656336953 32769
656369722 4095
656373817 2049
656375866 1023
656376889 610
656377499 144
656377643 34
656377677 2
656377679 1511408
657889087 32769
657921856 16383
657938239 4095
657942334 2049
657944383 377
657944760 144
657944904 34
657944938 8
657944946 3
657944949 1
657944950 524289
658469239 131073
658600312 8193
658608505 4095
658612600 377
658612977 21
658612998 8
658613006 3
658613009 262143
658875152 131073
659006225 65535
659071760 2049
659073809 1023
659074832 55
659074887 21
659074908 5
659074913 1249265
660324178 131073
660455251 16383
660471634 4095
660475729 233
660475962 89
660476051 34
660476085 13
660476098 1
660476099 1713270
662189369 131073
662320442 32769
662353211 16383
662369594 4095
662373689 2049
662375738 377
662376115 89
662376204 21
662376225 3
662376228 1
662376229 2097153
664473382 1249265
665722647 131073
665853720 65535
665919255 16383
665935638 2049
665937687 1023
665938710 144
665938854 55
665938909 13
665938922 5
665938927 2
665938929 524289
666463218 32769
666495987 16383
666512370 4095
666516465 610
666517075 233
666517308 55
666517363 8
666517371 3
666517374 1
666517375 262143
666779518 65535
666845053 32769
666877822 8193
666886015 13
666886028 3
666886031 1
666886032 1713270
668599302 65535
668664837 32769
668697606 8193
668705799 1023
668706822 610
668707432 55
668707487 13
668707500 2
668707502 262143
668969645 65535
669035180 610
669035790 144
669035934 55
669035989 21
669036010 8
669036018 131073
669167091 65535
669232626 32769
669265395 8193
669273588 2049
669275637 377
669276014 144
669276158 55
669276213 21
669276234 8
669276242 3
669276245 65535
669341780 16383
669358163 8193
669366356 4095
669370451 2049
669372500 89
669372589 8
669372597 2
669372599 2097153
671469752 65535
671535287 32769
671568056 16383
671584439 8193
671592632 4095
671596727 2049
671598776 1023
671599799 610
671600409 89
671600498 262143
671862641 131073
671993714 65535
672059249 8193
672067442 4095
672071537 2049
672073586 1023
672074609 610
672075219 34
672075253 8
672075261 3
672075264 1
672075265 1249265
673324530 131073
673455603 233
673455836 13
673455849 5
673455854 2
673455856 524289
673980145 65535
674045680 8193
674053873 1023
674054896 610
674055506 233
674055739 34
674055773 13
674055786 3
674055789 2097153
676152942 131073
676284015 65535
676349550 32769
676382319 4095
676386414 89
676386503 21
676386524 8
676386532 1
676386533 917505
677304038 233
677304271 89
677304360 21
677304381 2
677304383 262143
677566526 131073
677697599 65535
677763134 8193
677771327 4095
677775422 131073
677906495 32769
677939264 8193
677947457 4095
677951552 2049
677953601 55
677953656 13
677953669 5
677953674 1
677953675 2097153
680050828 1249265
681300093 32769
681332862 8193
681341055 2049
681343104 1023
681344127 377
681344504 144
681344648 8
681344656 3
681344659 524289
681868948 65535
681934483 16383
681950866 4095
681954961 2049
681957010 1023
681958033 377
681958410 89
681958499 34
681958533 8
681958541 2
681958543 2040948
683999491 16383
684015874 8193
684024067 4095
684028162 1023
684029185 233
684029418 89
684029507 34
684029541 8
684029549 2
684029551 786432
684815983 65535
684881518 16383
684897901 8193
684906094 1023
684907117 377
684907494 55
684907549 131073
685038622 65535
685104157 1023
685105180 610
685105790 55
685105845 8
685105853 3
685105856 32769
685138625 233
685138858 55
685138913 2
685138915 32769
685171684 16383
685188067 8193
685196260 89
685196349 8
685196357 3
685196360 1
685196361 262143
685458504 8193
685466697 2049
685468746 55
685468801 917505
686386306 16383
686402689 4095
686406784 2049
686408833 1023
686409856 233
686410089 34
686410123 1
686410124 131073
686541197 65535
686606732 32769
686639501 1023
686640524 89
686640613 34
686640647 5
686640652 262143
686902795 32769
686935564 8193
686943757 2049
686945806 233
686946039 34
686946073 13
686946086 3
686946089 65535
687011624 32769
687044393 16383
687060776 233
687061009 89
687061098 34
687061132 13
687061145 5
687061150 1
687061151 262143
687323294 131073
687454367 65535
687519902 32769
687552671 377
687553048 89
687553137 8
687553145 2
687553147 262143
687815290 131073
687946363 65535
688011898 32769
688044667 16383
688061050 4095
688065145 2049
688067194 144
688067338 55
688067393 5
688067398 262143
688329541 65535
688395076 32769
688427845 16383
688444228 2049
688446277 987
688447264 21
688447285 8
688447293 3
688447296 1
688447297 917505
689364802 16383
689381185 8193
689389378 610
689389988 89
689390077 34
689390111 8
689390119 1
689390120 1038269
690428389 4095
690432484 2049
690434533 233
690434766 55
690434821 21
690434842 2
690434844 1179648
691614492 32769
691647261 8193
691655454 4095
691659549 1023
691660572 610
691661182 144
691661326 55
691661381 1642481
693303862 32769
693336631 8193
693344824 2049
693346873 144
693347017 55
693347072 2
693347074 1048575
694395649 65535
694461184 32769
694493953 16383
694510336 610
694510946 233
694511179 21
694511200 5
694511205 1
694511206 262143
694773349 65535
694838884 32769
694871653 16383
694888036 4095
694892131 2049
694894180 1023
694895203 89
694895292 34
694895326 8
694895334 1
694895335 262143
695157478 131073
695288551 32769
695321320 16383
695337703 8193
695345896 4095
695349991 2049
695352040 1023
695353063 610
695353673 89
695353762 5
695353767 2
695353769 1005500
696359269 16383
696375652 2049
696377701 1023
696378724 55
696378779 21
696378800 5
696378805 1
696378806 524289
696903095 65535
696968630 16383
696985013 377
696985390 144
696985534 5
696985539 2
696985541 262143
697247684 131073
697378757 65535
697444292 16383
697460675 377
697461052 55
697461107 3
697461110 1
697461111 786432
698247543 65535
698313078 16383
698329461 1023
698330484 89
698330573 13
698330586 5
698330591 1511408
699841999 65535
699907534 32769
699940303 16383
699956686 8193
699964879 4095
699968974 987
699969961 21
699969982 3
699969985 786432
700756417 32769
700789186 8193
700797379 2049
700799428 1023
700800451 233
700800684 55
700800739 13
700800752 1
700800753 16383
700817136 8193
700825329 2049
700827378 1023
700828401 377
700828778 144
700828922 55
700828977 8
700828985 2
700828987 262143
701091130 65535
701156665 32769
701189434 16383
701205817 2049
701207866 1023
701208889 89
701208978 34
701209012 13
701209025 1
701209026 524289
701733315 131073
701864388 32769
701897157 2049
701899206 610
701899816 144
701899960 55
701900015 2
701900017 2097153
703997170 131073
704128243 16383
704144626 4095
704148721 610
704149331 34
704149365 13
704149378 5
704149383 2
704149385 1249265
705398650 65535
705464185 8193
705472378 4095
705476473 1023
705477496 89
705477585 34
705477619 13
705477632 1
705477633 131073
705608706 65535
705674241 32769
705707010 4095
705711105 610
705711715 233
705711948 89
705712037 5
705712042 1048575
706760617 65535
706826152 16383
706842535 4095
706846630 21
706846651 5408569
712255220 1249265
713504485 65535
713570020 32769
713602789 8193
713610982 1023
713612005 233
713612238 21
713612259 5
713612264 262143
713874407 16383
713890790 8193
713898983 2049
713901032 610
713901642 89
713901731 34
713901765 13
713901778 2
713901780 2097153
715998933 131073
716130006 65535
716195541 16383
716211924 4095
716216019 610
716216629 89
716216718 21
716216739 786432
717003171 8193
717011364 2049
717013413 1023
717014436 233
717014669 89
717014758 34
717014792 5
717014797 2
717014799 1249265
718264064 131073
718395137 65535
718460672 16383
718477055 8193
718485248 4095
718489343 2049
718491392 1023
718492415 233
718492648 8
718492656 65535
718558191 16383
718574574 8193
718582767 1023
718583790 89
718583879 34
718583913 8
718583921 131073
718714994 8193
718723187 4095
718727282 2049
718729331 610
718729941 233
718730174 8
718730182 1
718730183 1713270
720443453 131073
720574526 65535
720640061 610
720640671 233
720640904 55
720640959 21
720640980 2
720640982 131073
720772055 65535
720837590 16383
720853973 4095
720858068 89
720858157 21
720858178 5
720858183 524289
721382472 65535
721448007 32769
721480776 16383
721497159 8193
721505352 4095
721509447 2049
721511496 1023
721512519 144
721512663 55
721512718 21
721512739 262143
721774882 131073
721905955 65535
721971490 4095
721975585 2049
721977634 610
721978244 34
721978278 8
721978286 1
721978287 524289
722502576 131073
722633649 65535
722699184 32769
722731953 2049
722734002 610
722734612 233
722734845 5
722734850 1249265
723984115 8193
723992308 144
723992452 13
723992465 2
723992467 131073
724123540 32769
724156309 16383
724172692 8193
724180885 144
724181029 8
724181037 1
724181038 32769
724213807 16383
724230190 4095
724234285 144
724234429 55
724234484 21
724234505 8
724234513 4194303
728428816 1023
728429839 610
728430449 55
728430504 21
728430525 1
728430526 524289
728954815 131073
729085888 32769
729118657 8193
729126850 4095
729130945 2049
729132994 89
729133083 21
729133104 8
729133112 3
729133115 1
729133116 262143
729395259 131073
729526332 8193
729534525 1023
729535548 610
729536158 34
729536192 2
729536194 32769
729568963 4095
729573058 1023
729574081 610
729574691 144
729574835 55
729574890 21
729574911 3
729574914 1
729574915 1179648
730754563 32769
730787332 89
730787421 34
730787455 5
730787460 2097153
732884613 1048575
733933188 65535
733998723 8193
734006916 4095
734011011 2049
734013060 987
734014047 5
734014052 917505
734931557 4095
734935652 2049
734937701 610
734938311 144
734938455 34
734938489 3
734938492 2097153
737035645 262143
737297788 65535
737363323 16383
737379706 4095
737383801 610
737384411 55
737384466 8
737384474 2
737384476 524289
737908765 131073
738039838 32769
738072607 8193
738080800 2049
738082849 1023
738083872 55
738083927 1038269
739122196 4095
739126291 2049
739128340 1023
739129363 144
739129507 21
739129528 8
739129536 3
739129539 4095
739133634 1023
739134657 610
739135267 144
739135411 13
739135424 3
739135427 1
739135428 2097153
741232581 262143
741494724 16383
741511107 8193
741519300 233
741519533 89
741519622 34
741519656 8
741519664 3
741519667 2097153
743616820 131073
743747893 16383
743764276 8193
743772469 4095
743776564 2049
743778613 610
743779223 55
743779278 524289
744303567 4095
744307662 2049
744309711 1023
744310734 55
744310789 21
744310810 3
744310813 1713270
746024083 131073
746155156 32769
746187925 4095
746192020 2049
746194069 1023
746195092 377
746195469 144
746195613 34
746195647 8
746195655 3
746195658 524289
746719947 131073
746851020 16383
746867403 2049
746869452 1023
746870475 610
746871085 144
746871229 34
746871263 13
746871276 1
746871277 524289
747395566 32769
747428335 16383
747444718 2049
747446767 610
747447377 144
747447521 8
747447529 262143
747709672 65535
747775207 16383
747791590 2049
747793639 34
747793673 13
747793686 2
747793688 2097153
749890841 131073
750021914 16383
750038297 8193
750046490 4095
750050585 2049
750052634 1023
750053657 610
750054267 21
750054288 3
750054291 1
750054292 1249265
751303557 131073
751434630 65535
751500165 32769
751532934 8193
751541127 2049
751543176 144
751543320 34
751543354 13
751543367 5
751543372 2
751543374 65535
751608909 16383
751625292 233
751625525 8
751625533 2
751625535 524289
752149824 131073
752280897 65535
752346432 16383
752362815 4095
752366910 1023
752367933 610
752368543 144
752368687 1713270
754081957 32769
754114726 8193
754122919 4095
754127014 2049
754129063 610
754129673 89
754129762 1
754129763 1005500
755135263 16383
755151646 8193
755159839 4095
755163934 2049
755165983 1023
755167006 144
755167150 34
755167184 13
755167197 4194303
759361500 8193
759369693 2049
759371742 1023
759372765 377
759373142 144
759373286 55
759373341 21
759373362 3
759373365 262143
759635508 32769
759668277 8193
759676470 4095
759680565 1023
759681588 610
759682198 144
759682342 21
759682363 5
759682368 1
759682369 262143
759944512 131073
760075585 65535
760141120 16383
760157503 1023
760158526 610
760159136 233
760159369 8
760159377 1713270
761872647 65535
761938182 32769
761970951 8193
761979144 4095
761983239 2049
761985288 233
761985521 55
761985576 8
761985584 3
761985587 1
761985588 16383
762001971 377
762002348 13
762002361 2
762002363 262143
762264506 131073
762395579 65535
762461114 4095
762465209 1023
762466232 233
762466465 55
762466520 21
762466541 131073
762597614 65535
762663149 8193
762671342 2049
762673391 1023
762674414 610
762675024 233
762675257 89
762675346 13
762675359 65535
762740894 2049
762742943 8
762742951 2
762742953 1249265
763992218 65535
764057753 32769
764090522 16383
764106905 8193
764115098 4095
764119193 377
764119570 5
764119575 2
764119577 2073717
766193294 8193
766201487 1023
766202510 377
766202887 144
766203031 8
766203039 3
766203042 1
766203043 3617993
769821036 16383
769837419 8193
769845612 4095
769849707 2049
769851756 1023
769852779 610
769853389 55
769853444 8
769853452 3
769853455 786432
770639887 65535
770705422 2049
770707471 1023
770708494 377
770708871 144
770709015 55
770709070 3
770709073 1
770709074 262143
770971217 131073
771102290 4095
771106385 2049
771108434 233
771108667 89
771108756 34
771108790 13
771108803 5
771108808 1
771108809 262143
771370952 32769
771403721 16383
771420104 610
771420714 233
771420947 89
771421036 21
771421057 1
771421058 1005500
772426558 16383
772442941 2049
772444990 1023
772446013 144
772446157 55
772446212 8
772446220 2097153
774543373 524289
775067662 131073
775198735 65535
775264270 32769
775297039 16383
775313422 8193
775321615 89
775321704 13
775321717 5
775321722 2
775321724 65535
775387259 32769
775420028 4095
775424123 2049
775426172 34
775426206 5
775426211 4194303
779620514 524289
780144803 131073
780275876 32769
780308645 8193
780316838 2049
780318887 377
780319264 144
780319408 55
780319463 5
780319468 1
780319469 131073
780450542 16383
780466925 8193
780475118 4095
780479213 2049
780481262 377
780481639 131073
780612712 4095
780616807 2049
780618856 144
780619000 55
780619055 3
780619058 262143
780881201 131073
781012274 16383
781028657 8193
781036850 4095
781040945 987
781041932 13
781041945 1642481
782684426 32769
782717195 16383
782733578 4095
782737673 2049
782739722 1023
782740745 377
782741122 3
782741125 1
782741126 786432
783527558 65535
783593093 32769
783625862 610
783626472 233
783626705 34
783626739 3
783626742 1
783626743 524289
784151032 131073
784282105 65535
784347640 32769
784380409 144
784380553 13
784380566 5
784380571 2
784380573 262143
784642716 131073
784773789 32769
784806558 4095
784810653 2049
784812702 1023
784813725 610
784814335 21
784814356 1
784814357 2040948
786855305 8193
786863498 89
786863587 21
786863608 5
786863613 3617993
790481606 65535
790547141 32769
790579910 16383
790596293 1023
790597316 377
790597693 89
790597782 34
790597816 5
790597821 2
790597823 786432
791384255 65535
791449790 32769
791482559 16383
791498942 4095
791503037 2049
791505086 1023
791506109 377
791506486 21
791506507 8
791506515 3
791506518 1179648
792686166 32769
792718935 8193
792727128 4095
792731223 2049
792733272 610
792733882 144
792734026 55
792734081 21
792734102 8
792734110 3
792734113 524289
793258402 131073
793389475 4095
793393570 610
793394180 233
793394413 89
793394502 34
793394536 3
793394539 2097153
795491692 1005500
796497192 4095
796501287 610
796501897 144
796502041 55
796502096 8
796502104 3
796502107 262143
796764250 131073
796895323 32769
796928092 1023
796929115 21
796929136 8
796929144 1
796929145 262143
797191288 131073
797322361 65535
797387896 32769
797420665 16383
797437048 4095
797441143 34
797441177 8
797441185 1
797441186 65535
797506721 4095
797510816 2049
797512865 1023
797513888 13
797513901 2
797513903 1511408
799025311 8193
799033504 610
799034114 233
799034347 89
799034436 34
799034470 8
799034478 3
799034481 1
799034482 262143
799296625 131073
799427698 16383
799444081 8193
799452274 2049
799454323 1023
799455346 377
799455723 55
799455778 13
799455791 4147030
803602821 1023
803603844 610
803604454 55
803604509 13
803604522 1
803604523 1511408
805115931 16383
805132314 4095
805136409 2049
805138458 610
805139068 89
805139157 13
805139170 5
805139175 2
805139177 1511408
806650585 65535
806716120 16383
806732503 1023
806733526 610
806734136 89
806734225 34
806734259 13
806734272 5
806734277 131073
806865350 65535
806930885 8193
806939078 4095
806943173 2049
806945222 89
806945311 34
806945345 13
806945358 3
806945361 131073
807076434 65535
807141969 32769
807174738 16383
807191121 8193
807199314 1023
807200337 144
807200481 55
807200536 21
807200557 8
807200565 3
807200568 1
807200569 3617993
810818562 16383
810834945 2049
810836994 377
810837371 34
810837405 8
810837413 3
810837416 524289
811361705 65535
811427240 32769
811460009 8193
811468202 4095
811472297 1023
