6226
1 1
2 2
4 4
8 8
16 16
32 32
64 64
128 128
256 256
512 512
1024 1024
2048 2048
4096 4096
8192 8192
16384 16384
32768 32768
65536 65536
131072 131072
262144 262144
524288 524288
1048576 524288
1572864 262144
1835008 65536
1900544 32768
1933312 8192
1941504 512
1942016 4
1942020 2
1942022 1
1942023 1572864
3514887 131072
3645959 65536
3711495 32768
3744263 1024
3745287 512
3745799 256
3746055 128
3746183 8
3746191 4
3746195 2
3746197 1048576
4794773 131072
4925845 65536
4991381 8192
4999573 4096
5003669 1024
5004693 512
5005205 256
5005461 64
5005525 32
5005557 4
5005561 1
5005562 131072
5136634 65536
5202170 32768
5234938 16384
5251322 8192
5259514 2048
5261562 1024
5262586 64
5262650 32
5262682 16
5262698 8
5262706 4
5262710 2
5262712 1942023
7204735 524288
7729023 32768
7761791 4096
7765887 128
7766015 64
7766079 16
7766095 262144
8028239 16384
8044623 8192
8052815 4096
8056911 1024
8057935 128
8058063 64
8058127 8
8058135 3746197
11804332 262144
12066476 131072
12197548 65536
12263084 32768
12295852 4096
12299948 2048
12301996 256
12302252 128
12302380 1572864
13875244 131072
14006316 65536
14071852 32768
14104620 8192
14112812 512
14113324 256
14113580 128
14113708 64
14113772 16
14113788 8
14113796 2
14113798 1
14113799 16384
14130183 8192
14138375 512
14138887 128
14139015 4
14139019 1942023
16081042 131072
16212114 32768
16244882 16384
16261266 2048
16263314 256
16263570 64
16263634 32
16263666 16
16263682 4
16263686 1942023
18205709 524288
18729997 262144
18992141 131072
19123213 65536
19188749 32768
19221517 16384
19237901 8192
19246093 512
19246605 256
19246861 128
19246989 2
19246991 1
19246992 1942023
21189015 65536
21254551 32768
21287319 16384
21303703 4096
21307799 512
21308311 128
21308439 32
21308471 4
21308475 1
21308476 131072
21439548 65536
21505084 16384
21521468 8192
21529660 1024
21530684 512
21531196 256
21531452 128
21531580 32
21531612 16
21531628 2
21531630 65536
21597166 8192
21605358 2048
21607406 1024
21608430 512
21608942 256
21609198 128
21609326 64
21609390 32
21609422 16
21609438 1048576
22658014 131072
22789086 16384
22805470 8192
22813662 4096
22817758 1024
22818782 512
22819294 256
22819550 128
22819678 64
22819742 16
22819758 8
22819766 4
22819770 2
22819772 1
22819773 524288
23344061 262144
23606205 131072
23737277 65536
23802813 8192
23811005 4096
23815101 2048
23817149 1024
23818173 64
23818237 8
23818245 1
23818246 1048576
24866822 262144
25128966 65536
25194502 16384
25210886 8192
25219078 256
25219334 32
25219366 8
25219374 2
25219376 1
25219377 1942023
27161400 131072
27292472 32768
27325240 16384
27341624 2048
27343672 1024
27344696 512
27345208 128
27345336 64
27345400 32
27345432 16
27345448 8
27345456 4
27345460 2
27345462 1
27345463 1048576
28394039 262144
28656183 131072
28787255 65536
28852791 32768
28885559 16384
28901943 4096
28906039 256
28906295 128
28906423 2
28906425 1048576
29955001 131072
30086073 65536
30151609 8192
30159801 4096
30163897 2048
30165945 128
30166073 64
30166137 16
30166153 8
30166161 524288
30690449 65536
30755985 16384
30772369 1024
30773393 256
30773649 128
30773777 32
30773809 16
30773825 8
30773833 4
30773837 1
30773838 1942023
32715861 524288
33240149 32768
33272917 16384
33289301 8192
33297493 1024
33298517 64
33298581 32
33298613 262144
33560757 65536
33626293 32768
33659061 16384
33675445 8192
33683637 4096
33687733 2048
33689781 1024
33690805 512
33691317 256
33691573 32
33691605 4
33691609 2
33691611 1
33691612 524288
34215900 262144
34478044 131072
34609116 65536
34674652 16384
34691036 8192
34699228 2048
34701276 64
34701340 4
34701344 2
34701346 1
34701347 524288
35225635 131072
35356707 65536
35422243 16384
35438627 4096
35442723 2048
35444771 512
35445283 64
35445347 32
35445379 4
35445383 2
35445385 1
35445386 524288
35969674 262144
36231818 131072
36362890 32768
36395658 8192
36403850 4096
36407946 1024
36408970 256
36409226 128
36409354 64
36409418 2
36409420 1
36409421 1048576
37457997 262144
37720141 8192
37728333 4096
37732429 2048
37734477 1024
37735501 512
37736013 64
37736077 32
37736109 262144
37998253 131072
38129325 32768
38162093 2048
38164141 1024
38165165 128
38165293 32
38165325 16
38165341 8
38165349 4
38165353 2
38165355 262144
38427499 65536
38493035 32768
38525803 4096
38529899 2048
38531947 1024
38532971 8
38532979 4
38532983 2
38532985 131072
38664057 4096
38668153 256
38668409 64
38668473 16
38668489 8
38668497 5262712
43931209 1572864
45504073 32768
45536841 16384
45553225 8192
45561417 2048
45563465 1024
45564489 512
45565001 64
45565065 32
45565097 16
45565113 1
45565114 262144
45827258 65536
45892794 32768
45925562 16384
45941946 2048
45943994 256
45944250 64
45944314 32
45944346 16
45944362 8
45944370 4
45944374 131072
46075446 32768
46108214 16384
46124598 4096
46128694 512
46129206 256
46129462 128
46129590 32
46129622 2
46129624 262144
46391768 131072
46522840 65536
46588376 32768
46621144 16384
46637528 4096
46641624 512
46642136 256
46642392 128
46642520 64
46642584 32
46642616 16
46642632 2
46642634 1
46642635 524288
47166923 262144
47429067 16384
47445451 2048
47447499 1024
47448523 128
47448651 64
47448715 4
47448719 2
47448721 131072
47579793 512
47580305 256
47580561 8
47580569 4
47580573 1
47580574 524288
48104862 131072
48235934 16384
48252318 1024
48253342 512
48253854 256
48254110 64
48254174 32
48254206 16
48254222 2
48254224 131072
48385296 8192
48393488 4096
48397584 2048
48399632 1024
48400656 128
48400784 64
48400848 8
48400856 4
48400860 1048576
49449436 131072
49580508 8192
49588700 1024
49589724 512
49590236 256
49590492 64
49590556 32
49590588 16
49590604 8
49590612 2
49590614 1942023
51532637 1048576
52581213 262144
52843357 131072
52974429 16384
52990813 4096
52994909 1024
52995933 512
52996445 64
52996509 16
52996525 1
52996526 262144
53258670 131072
53389742 65536
53455278 32768
53488046 16384
53504430 2048
53506478 1024
53507502 512
53508014 64
53508078 32
53508110 65536
53573646 32768
53606414 4096
53610510 2048
53612558 1024
53613582 256
53613838 64
53613902 16
53613918 1
53613919 1048576
54662495 65536
54728031 2048
54730079 1024
54731103 512
54731615 64
54731679 8
54731687 4
54731691 1942023
56673714 262144
56935858 32768
56968626 8192
56976818 1024
56977842 16
56977858 131072
57108930 32768
57141698 16384
57158082 8192
57166274 4096
57170370 2048
57172418 512
57172930 128
57173058 64
57173122 1
57173123 1572864
58745987 131072
58877059 32
58877091 16
58877107 4
58877111 2
58877113 1
58877114 5262712
64139826 262144
64401970 65536
64467506 32768
64500274 8192
64508466 2048
64510514 256
64510770 128
64510898 32
64510930 16
64510946 8
64510954 4
64510958 1
64510959 524288
65035247 8192
65043439 256
65043695 128
65043823 16
65043839 4
65043843 2
65043845 524288
65568133 262144
65830277 32768
65863045 16384
65879429 8192
65887621 4096
65891717 1024
65892741 512
65893253 256
65893509 8
65893517 4
65893521 1
65893522 1942023
67835545 262144
68097689 32768
68130457 8192
68138649 1024
68139673 512
68140185 64
68140249 16
68140265 8
68140273 1
68140274 524288
68664562 65536
68730098 16384
68746482 4096
68750578 2048
68752626 512
68753138 64
68753202 32
68753234 4
68753238 1572864
70326102 32768
70358870 2048
70360918 128
70361046 32
70361078 2
70361080 1048576
71409656 65536
71475192 32768
71507960 8192
71516152 4096
71520248 2048
71522296 1024
71523320 512
71523832 256
71524088 16
71524104 2
71524106 1
71524107 1048576
72572683 262144
72834827 131072
72965899 65536
73031435 32768
73064203 16384
73080587 4096
73084683 2048
73086731 256
73086987 64
73087051 1
73087052 262144
73349196 65536
73414732 32768
73447500 8192
73455692 4096
73459788 2048
73461836 16
73461852 4
73461856 2
73461858 1
73461859 1942023
75403882 1048576
76452458 262144
76714602 131072
76845674 8192
76853866 4096
76857962 1024
76858986 512
76859498 8
76859506 4
76859510 2
76859512 1
76859513 131072
76990585 65536
77056121 8192
77064313 2048
77066361 1024
77067385 512
77067897 64
77067961 8
77067969 4
77067973 5262712
82330685 262144
82592829 32768
82625597 16384
82641981 4096
82646077 512
82646589 64
82646653 16
82646669 2
82646671 1
82646672 1942023
84588695 1048576
85637271 131072
85768343 16384
85784727 8192
85792919 256
85793175 64
85793239 32
85793271 16
85793287 8
85793295 1
85793296 32768
85826064 16384
85842448 1024
85843472 256
85843728 128
85843856 16
85843872 4
85843876 2
85843878 1
85843879 5262712
91106591 524288
91630879 131072
91761951 65536
91827487 8192
91835679 4096
91839775 1024
91840799 512
91841311 128
91841439 16
91841455 4
91841459 1
91841460 524288
92365748 65536
92431284 32768
92464052 8192
92472244 4096
92476340 2048
92478388 512
92478900 256
92479156 64
92479220 16
92479236 8
92479244 4
92479248 1942023
94421271 524288
94945559 65536
95011095 32768
95043863 1024
95044887 512
95045399 128
95045527 32
95045559 16
95045575 8
95045583 1
95045584 3514887
98560471 4096
98564567 2048
98566615 1024
98567639 512
98568151 128
98568279 8
98568287 2
98568289 1
98568290 5262712
103831002 262144
104093146 65536
104158682 16384
104175066 1024
104176090 512
104176602 256
104176858 128
104176986 16
104177002 1
104177003 262144
104439147 131072
104570219 65536
104635755 4096
104639851 512
104640363 256
104640619 128
104640747 16
104640763 8
104640771 4
104640775 2
104640777 1942023
106582800 32768
106615568 4096
106619664 2048
106621712 256
106621968 128
106622096 16
106622112 8
106622120 4
106622124 2
106622126 1
106622127 1942023
108564150 524288
109088438 262144
109350582 1024
109351606 64
109351670 16
109351686 1
109351687 524288
109875975 131072
110007047 65536
110072583 32768
110105351 16384
110121735 8192
110129927 4096
110134023 2048
110136071 512
110136583 128
110136711 16
110136727 4
110136731 524288
110661019 65536
110726555 8192
110734747 2048
110736795 1024
110737819 512
110738331 128
110738459 16
110738475 4
110738479 2
110738481 524288
111262769 262144
111524913 131072
111655985 65536
111721521 16384
111737905 8192
111746097 4096
111750193 256
111750449 64
111750513 32
111750545 1
111750546 524288
112274834 262144
112536978 65536
112602514 2048
112604562 512
112605074 64
112605138 16
112605154 2
112605156 1
112605157 1942023
114547180 1048576
115595756 262144
115857900 131072
115988972 65536
116054508 32768
116087276 4096
116091372 512
116091884 256
116092140 64
116092204 16
116092220 2
116092222 1
116092223 524288
116616511 16384
116632895 4096
116636991 2048
116639039 512
116639551 256
116639807 128
116639935 32
116639967 4
116639971 1
116639972 5262712
121902684 32768
121935452 16384
121951836 8192
121960028 2048
121962076 1024
121963100 256
121963356 64
121963420 16
121963436 8
121963444 4
121963448 1572864
123536312 32768
123569080 8192
123577272 4096
123581368 2048
123583416 512
123583928 128
123584056 32
123584088 16
123584104 8
123584112 4
123584116 2
123584118 3746197
127330315 262144
127592459 65536
127657995 16384
127674379 8192
127682571 2048
127684619 1024
127685643 512
127686155 128
127686283 64
127686347 32
127686379 16
127686395 8
127686403 1
127686404 262144
127948548 32768
127981316 16384
127997700 2048
127999748 1024
128000772 512
128001284 32
128001316 4
128001320 1
128001321 524288
128525609 262144
128787753 32768
128820521 16384
128836905 4096
128841001 2048
128843049 1024
128844073 512
128844585 256
128844841 128
128844969 64
128845033 32
128845065 4
128845069 1
128845070 524288
129369358 262144
129631502 65536
129697038 16384
129713422 8192
129721614 1024
129722638 256
129722894 64
129722958 16
129722974 4
129722978 2
129722980 65536
129788516 32768
129821284 8192
129829476 4096
129833572 2048
129835620 512
129836132 4
129836136 2
129836138 1
129836139 262144
130098283 65536
130163819 32768
130196587 16384
130212971 8192
130221163 4096
130225259 1024
130226283 512
130226795 256
130227051 64
130227115 16
130227131 8
130227139 131072
130358211 32768
130390979 8192
130399171 4096
130403267 2048
130405315 1024
130406339 512
130406851 128
130406979 8
130406987 1
130406988 524288
130931276 262144
131193420 32768
131226188 4096
131230284 2048
131232332 1024
131233356 256
131233612 128
131233740 64
131233804 16
131233820 8
131233828 2
131233830 524288
131758118 262144
132020262 131072
132151334 65536
132216870 8192
132225062 1024
132226086 512
132226598 256
132226854 128
132226982 64
132227046 16
132227062 524288
132751350 65536
132816886 32768
132849654 16384
132866038 8192
132874230 4096
132878326 2048
132880374 512
132880886 32
132880918 16
132880934 8
132880942 4
132880946 2
132880948 1
132880949 524288
133405237 131072
133536309 65536
133601845 8192
133610037 512
133610549 256
133610805 64
133610869 16
133610885 4
133610889 2
133610891 131072
133741963 65536
133807499 8192
133815691 512
133816203 128
133816331 64
133816395 8
133816403 4
133816407 262144
134078551 131072
134209623 4096
134213719 2048
134215767 1024
134216791 512
134217303 256
134217559 128
134217687 32
134217719 8
134217727 262144
134479871 131072
134610943 32768
134643711 8192
134651903 1024
134652927 256
134653183 64
134653247 32
134653279 16
134653295 4
134653299 2
134653301 1048576
135701877 262144
135964021 131072
136095093 65536
136160629 32768
136193397 16384
136209781 8192
136217973 256
136218229 128
136218357 64
136218421 4
136218425 524288
136742713 262144
137004857 8192
137013049 4096
137017145 2048
137019193 1024
137020217 64
137020281 16
137020297 1
137020298 524288
137544586 262144
137806730 131072
137937802 16384
137954186 4096
137958282 1024
137959306 512
137959818 128
137959946 64
137960010 32
137960042 2
137960044 1048576
139008620 131072
139139692 65536
139205228 32768
139237996 8192
139246188 4096
139250284 2048
139252332 256
139252588 64
139252652 2
139252654 524288
139776942 131072
139908014 65536
139973550 4096
139977646 1024
139978670 512
139979182 64
139979246 32
139979278 16
139979294 8
139979302 4
139979306 32768
140012074 16384
140028458 8192
140036650 2048
140038698 1024
140039722 512
140040234 128
140040362 32
140040394 16
140040410 2
140040412 1048576
141088988 16384
141105372 4096
141109468 2048
141111516 256
141111772 128
141111900 64
141111964 16
141111980 8
141111988 4
141111992 1
141111993 1942023
143054016 32768
143086784 8192
143094976 512
143095488 256
143095744 128
143095872 4
143095876 2
143095878 524288
143620166 262144
143882310 131072
144013382 16384
144029766 8192
144037958 2048
144040006 1024
144041030 256
144041286 128
144041414 64
144041478 32
144041510 2
144041512 1
144041513 1942023
145983536 8192
145991728 2048
145993776 1024
145994800 512
145995312 128
145995440 16
145995456 1942023
147937479 524288
148461767 32768
148494535 16384
148510919 8192
148519111 4096
148523207 2048
148525255 1024
148526279 128
148526407 32
148526439 16
148526455 4
148526459 5262712
153789171 262144
154051315 32768
154084083 16384
154100467 1024
154101491 128
154101619 32
154101651 16
154101667 2
154101669 1
154101670 7204735
161306405 262144
161568549 131072
161699621 16384
161716005 4096
161720101 2048
161722149 512
161722661 256
161722917 128
161723045 64
161723109 32
161723141 8
161723149 4
161723153 2
161723155 131072
161854227 16384
161870611 8192
161878803 4096
161882899 128
161883027 64
161883091 2
161883093 524288
162407381 262144
162669525 131072
162800597 2048
162802645 512
162803157 64
162803221 32
162803253 16
162803269 8
162803277 4
162803281 2
162803283 3746197
166549480 524288
167073768 262144
167335912 131072
167466984 32768
167499752 1024
167500776 512
167501288 128
167501416 8
167501424 4
167501428 131072
167632500 65536
167698036 16384
167714420 2048
167716468 512
167716980 256
167717236 128
167717364 16
167717380 8
167717388 2
167717390 524288
168241678 262144
168503822 65536
168569358 32768
168602126 16384
168618510 2048
168620558 1024
168621582 512
168622094 64
168622158 32
168622190 8
168622198 1
168622199 1942023
170564222 524288
171088510 65536
171154046 256
171154302 64
171154366 8
171154374 4
171154378 1
171154379 3746197
174900576 131072
175031648 65536
175097184 16384
175113568 8192
175121760 4096
175125856 1024
175126880 4
175126884 2
175126886 1
175126887 5262712
180389599 1048576
181438175 262144
181700319 65536
181765855 1024
181766879 512
181767391 128
181767519 32
181767551 16
181767567 2
181767569 1942023
183709592 131072
183840664 65536
183906200 16384
183922584 8192
183930776 2048
183932824 1024
183933848 512
183934360 32
183934392 8
183934400 4
183934404 2
183934406 524288
184458694 32768
184491462 512
184491974 32
184492006 16
184492022 8
184492030 2
184492032 1
184492033 5262712
189754745 524288
190279033 131072
190410105 65536
190475641 16384
190492025 8192
190500217 4096
190504313 32
190504345 16
190504361 8
190504369 4
190504373 2
190504375 1
190504376 1048576
191552952 131072
191684024 32768
191716792 4096
191720888 2048
191722936 256
191723192 8
191723200 2
191723202 1
191723203 524288
192247491 65536
192313027 32768
192345795 16384
192362179 2048
192364227 256
192364483 128
192364611 64
192364675 32
192364707 8
192364715 4
192364719 3746197
196110916 524288
196635204 262144
196897348 131072
197028420 65536
197093956 16384
197110340 8192
197118532 4096
197122628 1024
197123652 512
197124164 128
197124292 8
197124300 1
197124301 1572864
198697165 131072
198828237 65536
198893773 8192
198901965 4096
198906061 256
198906317 64
198906381 32
198906413 16
198906429 2
198906431 1942023
200848454 262144
201110598 65536
201176134 32768
201208902 4096
201212998 128
201213126 8
201213134 4
201213138 2
201213140 1
201213141 65536
201278677 32768
201311445 8192
201319637 4096
201323733 2048
201325781 512
201326293 256
201326549 32
201326581 8
201326589 2
201326591 3514887
204841478 16384
204857862 8192
204866054 4096
204870150 2048
204872198 1024
204873222 512
204873734 256
204873990 32
204874022 4
204874026 2
204874028 1
204874029 262144
205136173 32768
205168941 2048
205170989 1024
205172013 512
205172525 128
205172653 64
205172717 16
205172733 524288
205697021 131072
205828093 32768
205860861 16384
205877245 4096
205881341 2048
205883389 256
205883645 8
205883653 4
205883657 2
205883659 5262712
211146371 524288
211670659 131072
211801731 65536
211867267 16384
211883651 1024
211884675 512
211885187 128
211885315 64
211885379 32
211885411 8
211885419 32768
211918187 16384
211934571 4096
211938667 1024
211939691 512
211940203 128
211940331 32
211940363 8
211940371 2
211940373 1
211940374 1048576
212988950 65536
213054486 32768
213087254 16384
213103638 128
213103766 64
213103830 32
213103862 8
213103870 1
213103871 1048576
214152447 131072
214283519 4096
214287615 128
214287743 32
214287775 16
214287791 8
214287799 1
214287800 12302380
226590180 65536
226655716 32768
226688484 4096
226692580 1024
226693604 64
226693668 32
226693700 16
226693716 8
226693724 4
226693728 5262712
231956440 524288
232480728 262144
232742872 131072
232873944 65536
232939480 32768
232972248 8192
232980440 4096
232984536 2048
232986584 1024
232987608 256
232987864 64
232987928 32
232987960 1
232987961 1048576
234036537 32768
234069305 16384
234085689 8192
234093881 2048
234095929 512
234096441 256
234096697 128
234096825 64
234096889 8
234096897 4
234096901 1
234096902 524288
234621190 131072
234752262 16384
234768646 2048
234770694 1024
234771718 512
234772230 256
234772486 64
234772550 32
234772582 8
234772590 4
234772594 2
234772596 1
234772597 65536
234838133 32768
234870901 8192
234879093 1024
234880117 512
234880629 256
234880885 128
234881013 8
234881021 2
234881023 1942023
236823046 262144
237085190 256
237085446 128
237085574 32
237085606 2
237085608 1048576
238134184 262144
238396328 65536
238461864 4096
238465960 2048
238468008 64
238468072 32
238468104 8
238468112 4
238468116 2
238468118 262144
238730262 131072
238861334 65536
238926870 16384
238943254 4096
238947350 512
238947862 256
238948118 64
238948182 8
238948190 1
238948191 1942023
240890214 65536
240955750 32768
240988518 2048
240990566 1024
240991590 32
240991622 16
240991638 4
240991642 16384
241008026 4096
241012122 256
241012378 64
241012442 32
241012474 8
241012482 2
241012484 524288
241536772 65536
241602308 16384
241618692 2048
241620740 1024
241621764 32
241621796 8
241621804 1
241621805 1942023
243563828 524288
244088116 131072
244219188 16384
244235572 4096
244239668 256
244239924 128
244240052 32
244240084 16
244240100 8
244240108 4
244240112 2
244240114 1
244240115 3746197
247986312 524288
248510600 262144
248772744 131072
248903816 65536
248969352 32768
249002120 16384
249018504 4096
249022600 1024
249023624 512
249024136 128
249024264 64
249024328 16
249024344 8
249024352 2
249024354 1
249024355 262144
249286499 131072
249417571 65536
249483107 32768
249515875 4096
249519971 2048
249522019 1024
249523043 32
249523075 1942023
251465098 131072
251596170 8192
251604362 4096
251608458 2048
251610506 256
251610762 128
251610890 64
251610954 4
251610958 32768
251643726 8192
251651918 4096
251656014 2048
251658062 128
251658190 32
251658222 16
251658238 1
251658239 1572864
253231103 65536
253296639 32768
253329407 16384
253345791 4096
253349887 1024
253350911 128
253351039 16
253351055 2
253351057 16384
253367441 2048
253369489 1024
253370513 512
253371025 128
253371153 2
253371155 1
253371156 1572864
254944020 131072
255075092 65536
255140628 16384
255157012 2048
255159060 128
255159188 64
255159252 32
255159284 8
255159292 4
255159296 2
255159298 262144
255421442 65536
255486978 16384
255503362 8192
255511554 512
255512066 256
255512322 128
255512450 64
255512514 32
255512546 16
255512562 8
255512570 4
255512574 2
255512576 1
255512577 524288
256036865 131072
256167937 65536
256233473 32768
256266241 16384
256282625 8192
256290817 4096
256294913 2048
256296961 32
256296993 2
256296995 262144
256559139 65536
256624675 32768
256657443 16384
256673827 64
256673891 16
256673907 2
256673909 262144
256936053 131072
257067125 32768
257099893 8192
257108085 4096
257112181 2048
257114229 256
257114485 64
257114549 16
257114565 2
257114567 1
257114568 1942023
259056591 524288
259580879 262144
259843023 131072
259974095 65536
260039631 4096
260043727 2048
260045775 1024
260046799 32
260046831 16
260046847 1942023
261988870 524288
262513158 32768
262545926 16384
262562310 2048
262564358 1024
262565382 512
262565894 256
262566150 128
262566278 32
262566310 8
262566318 4
262566322 2
262566324 524288
263090612 65536
263156148 32
263156180 8
263156188 4
263156192 1048576
264204768 32768
264237536 2048
264239584 1024
264240608 512
264241120 16
264241136 8
264241144 4
264241148 2
264241150 1
264241151 1942023
266183174 131072
266314246 16384
266330630 4096
266334726 2048
266336774 1024
266337798 256
266338054 128
266338182 64
266338246 32
266338278 16
266338294 8
266338302 1
266338303 131072
266469375 65536
266534911 16384
266551295 8192
266559487 4096
266563583 2048
266565631 32
266565663 16
266565679 8
266565687 2
266565689 1
266565690 524288
267089978 262144
267352122 32768
267384890 1024
267385914 512
267386426 256
267386682 128
267386810 64
267386874 4
267386878 1
267386879 524288
267911167 262144
268173311 131072
268304383 65536
268369919 32768
268402687 16384
268419071 8192
268427263 4096
268431359 2048
268433407 1024
268434431 512
268434943 256
268435199 128
268435327 64
268435391 32
268435423 16
268435439 8
268435447 4
268435451 2
268435453 1
268435454 1048576
269484030 131072
269615102 16384
269631486 8192
269639678 512
269640190 256
269640446 32
269640478 16
269640494 1048576
270689070 262144
270951214 131072
271082286 8192
271090478 2048
271092526 256
271092782 8
271092790 4
271092794 1
271092795 5262712
276355507 524288
276879795 65536
276945331 32768
276978099 16384
276994483 8192
277002675 2048
277004723 256
277004979 128
277005107 64
277005171 32
277005203 16
277005219 8
277005227 4
277005231 2
277005233 262144
277267377 4096
277271473 2048
277273521 1024
277274545 512
277275057 256
277275313 64
277275377 32
277275409 16
277275425 8
277275433 4
277275437 2
277275439 1
277275440 1048576
278324016 131072
278455088 16384
278471472 4096
278475568 2048
278477616 1024
278478640 512
278479152 64
278479216 32
278479248 2
278479250 1
278479251 1942023
280421274 1048576
281469850 32768
281502618 8192
281510810 2048
281512858 256
281513114 128
281513242 64
281513306 32
281513338 2
281513340 1048576
282561916 131072
282692988 65536
282758524 32768
282791292 2048
282793340 1024
282794364 256
282794620 128
282794748 64
282794812 16
282794828 524288
283319116 262144
283581260 32768
283614028 1024
283615052 128
283615180 32
283615212 524288
284139500 262144
284401644 32768
284434412 16384
284450796 8192
284458988 4096
284463084 2048
284465132 1024
284466156 512
284466668 128
284466796 64
284466860 32
284466892 16
284466908 8
284466916 4
284466920 2
284466922 1942023
286408945 262144
286671089 65536
286736625 32768
286769393 8192
286777585 2048
286779633 512
286780145 64
286780209 16
286780225 8
286780233 2
286780235 1
286780236 1572864
288353100 32768
288385868 4096
288389964 2048
288392012 128
288392140 524288
288916428 262144
289178572 32768
289211340 16384
289227724 8192
289235916 4096
289240012 2048
289242060 256
289242316 128
289242444 64
289242508 32
289242540 16
289242556 8
289242564 4
289242568 2
289242570 1
289242571 32768
289275339 16384
289291723 8192
289299915 128
289300043 8
289300051 2
289300053 524288
289824341 131072
289955413 32768
289988181 16384
290004565 2048
290006613 1024
290007637 64
290007701 32
290007733 8
290007741 4
290007745 2
290007747 1
290007748 524288
290532036 16384
290548420 4096
290552516 1024
290553540 512
290554052 256
290554308 64
290554372 32
290554404 4
290554408 2
290554410 1
290554411 524288
291078699 65536
291144235 16384
291160619 8192
291168811 2048
291170859 512
291171371 16
291171387 8
291171395 4
291171399 1
291171400 131072
291302472 4096
291306568 256
291306824 8
291306832 2
291306834 65536
291372370 32768
291405138 4096
291409234 1024
291410258 64
291410322 16
291410338 8
291410346 1
291410347 1942023
293352370 524288
293876658 65536
293942194 4096
293946290 16
293946306 8
293946314 4
293946318 1
293946319 5136634
299082953 32768
299115721 16384
299132105 2048
299134153 1024
299135177 512
299135689 256
299135945 64
299136009 16
299136025 8
299136033 4
299136037 1
299136038 262144
299398182 65536
299463718 16384
299480102 8192
299488294 4096
299492390 256
299492646 128
299492774 32
299492806 1
299492807 131072
299623879 16384
299640263 8192
299648455 4096
299652551 256
299652807 64
299652871 8
299652879 4
299652883 524288
300177171 131072
300308243 1024
300309267 512
300309779 256
300310035 128
300310163 64
300310227 8
300310235 1
300310236 5136634
305446870 16384
305463254 8192
305471446 2048
305473494 256
305473750 128
305473878 64
305473942 32
305473974 8
305473982 4
305473986 262144
305736130 131072
305867202 65536
305932738 32768
305965506 4096
305969602 1024
305970626 64
305970690 32
305970722 16
305970738 8
305970746 2
305970748 1
305970749 1942023
307912772 262144
308174916 512
308175428 256
308175684 128
308175812 64
308175876 16
308175892 8
308175900 4
308175904 2
308175906 1
308175907 1942023
310117930 131072
310249002 65536
310314538 32768
310347306 8192
310355498 512
310356010 256
310356266 32
310356298 8
310356306 2
310356308 1048576
311404884 262144
311667028 131072
311798100 8192
311806292 4096
311810388 2048
311812436 512
311812948 256
311813204 64
311813268 16
311813284 8
311813292 2
311813294 1048576
312861870 131072
312992942 65536
313058478 32768
313091246 16384
313107630 8192
313115822 512
313116334 64
313116398 32
313116430 2
313116432 262144
313378576 65536
313444112 16384
313460496 8192
313468688 2048
313470736 512
313471248 32
313471280 8
313471288 2
313471290 1
313471291 1942023
315413314 131072
315544386 16384
315560770 2048
315562818 256
315563074 128
315563202 64
315563266 32
315563298 16
315563314 8
315563322 4
315563326 1
315563327 5005562
320568889 65536
320634425 16384
320650809 4096
320654905 2048
320656953 1024
320657977 256
320658233 32
320658265 16
320658281 4
320658285 1
320658286 1048576
321706862 262144
321969006 32768
322001774 512
322002286 64
322002350 16
322002366 524288
322526654 16384
322543038 8192
322551230 4096
322555326 512
322555838 256
322556094 128
322556222 64
322556286 16
322556302 8
322556310 1
322556311 524288
323080599 131072
323211671 8192
323219863 4096
323223959 256
323224215 128
323224343 64
323224407 8
323224415 4
323224419 2
323224421 32768
323257189 16384
323273573 8192
323281765 4096
323285861 2048
323287909 1024
323288933 512
323289445 64
323289509 32
323289541 16
323289557 4
323289561 131072
323420633 32768
323453401 16384
323469785 8192
323477977 4096
323482073 1024
323483097 512
323483609 64
323483673 16
323483689 1835008
325318697 16384
325335081 1024
325336105 256
325336361 32
325336393 8
325336401 4
325336405 1
325336406 1048576
326384982 131072
326516054 16384
326532438 8192
326540630 2048
326542678 1024
326543702 512
326544214 128
326544342 64
326544406 32
326544438 8
326544446 4
326544450 5262712
331807162 524288
332331450 131072
332462522 32768
332495290 8192
332503482 2048
332505530 128
332505658 32
332505690 4
332505694 1
332505695 262144
332767839 65536
332833375 32768
332866143 8192
332874335 2048
332876383 1024
332877407 256
332877663 128
332877791 64
332877855 32
332877887 4
332877891 2
332877893 1942023
334819916 524288
335344204 131072
335475276 65536
335540812 2048
335542860 1024
335543884 256
335544140 128
335544268 32
335544300 16
335544316 2
335544318 1
335544319 131072
335675391 32768
335708159 16384
335724543 2048
335726591 512
335727103 256
335727359 128
335727487 64
335727551 8
335727559 4
335727563 1
335727564 1048576
336776140 131072
336907212 65536
336972748 128
336972876 64
336972940 16
336972956 1
336972957 524288
337497245 262144
337759389 16384
337775773 1024
337776797 512
337777309 128
337777437 32
337777469 16
337777485 4
337777489 2
337777491 262144
338039635 32768
338072403 16384
338088787 4096
338092883 2048
338094931 1024
338095955 2
338095957 65536
338161493 8192
338169685 2048
338171733 1024
338172757 512
338173269 128
338173397 64
338173461 32
338173493 2
338173495 1
338173496 131072
338304568 65536
338370104 8192
338378296 1024
338379320 512
338379832 64
338379896 32
338379928 16
338379944 8
338379952 4
338379956 2
338379958 524288
338904246 262144
339166390 16384
339182774 8192
339190966 32
339190998 16
339191014 2
339191016 1942023
341133039 524288
341657327 131072
341788399 65536
341853935 8192
341862127 4096
341866223 2048
341868271 256
341868527 128
341868655 8
341868663 2
341868665 1
341868666 1572864
343441530 131072
343572602 32768
343605370 16384
343621754 2048
343623802 512
343624314 256
343624570 64
343624634 8
343624642 4
343624646 1
343624647 1942023
345566670 131072
345697742 8192
345705934 2048
345707982 256
345708238 64
345708302 32
345708334 4
345708338 1
345708339 1048576
346756915 131072
346887987 32768
346920755 16384
346937139 4096
346941235 2048
346943283 32
346943315 16
346943331 8
346943339 4
346943343 2
346943345 1942023
348885368 524288
349409656 131072
349540728 16384
349557112 8192
349565304 4096
349569400 2048
349571448 1024
349572472 128
349572600 32
349572632 16
349572648 8
349572656 2
349572658 1
349572659 524288
350096947 262144
350359091 65536
350424627 32768
350457395 1024
350458419 256
350458675 128
350458803 64
350458867 32
350458899 2
350458901 1048576
351507477 262144
351769621 131072
351900693 32768
351933461 16384
351949845 4096
351953941 2048
351955989 1024
351957013 512
351957525 256
351957781 128
351957909 64
351957973 32
351958005 1
351958006 1048576
353006582 8192
353014774 4096
353018870 1024
353019894 512
353020406 256
353020662 128
353020790 64
353020854 8
353020862 4
353020866 2
353020868 1942023
354962891 262144
355225035 131072
355356107 2048
355358155 1024
355359179 128
355359307 4
355359311 2
355359313 1572864
356932177 32768
356964945 1024
356965969 256
356966225 128
356966353 16
356966369 8
356966377 1048576
358014953 262144
358277097 65536
358342633 16384
358359017 4096
358363113 2048
358365161 64
358365225 16
358365241 8
358365249 1
358365250 1942023
360307273 1048576
361355849 131072
361486921 32768
361519689 16384
361536073 2048
361538121 1024
361539145 512
361539657 128
361539785 64
361539849 8
361539857 2
361539859 32768
361572627 16384
361589011 8192
361597203 1024
361598227 256
361598483 128
361598611 64
361598675 1
361598676 1942023
363540699 262144
363802843 65536
363868379 16384
363884763 8192
363892955 4096
363897051 2048
363899099 512
363899611 128
363899739 16
363899755 4
363899759 2
363899761 1
363899762 524288
364424050 262144
364686194 131072
364817266 32768
364850034 16384
364866418 4096
364870514 1024
364871538 512
364872050 256
364872306 8
364872314 4
364872318 1
364872319 262144
365134463 32768
365167231 16384
365183615 4096
365187711 2048
365189759 128
365189887 64
365189951 16
365189967 4
365189971 2
365189973 524288
365714261 262144
365976405 131072
366107477 65536
366173013 32768
366205781 8192
366213973 4096
366218069 1024
366219093 512
366219605 128
366219733 4
366219737 1
366219738 262144
366481882 32768
366514650 8192
366522842 1024
366523866 512
366524378 128
366524506 64
366524570 32
366524602 16
366524618 8
366524626 4
366524630 1
366524631 131072
366655703 8192
366663895 1024
366664919 512
366665431 128
366665559 16
366665575 2
366665577 1
366665578 1942023
368607601 262144
368869745 131072
369000817 65536
369066353 16384
369082737 8192
369090929 4096
369095025 2048
369097073 1024
369098097 512
369098609 128
369098737 8
369098745 4
369098749 2
369098751 262144
369360895 65536
369426431 16384
369442815 8192
369451007 2048
369453055 128
369453183 64
369453247 32
369453279 16
369453295 8
369453303 1048576
370501879 131072
370632951 65536
370698487 32768
370731255 8192
370739447 4096
370743543 1024
370744567 16
370744583 4
370744587 1
370744588 1048576
371793164 65536
371858700 32768
371891468 2048
371893516 1024
371894540 512
371895052 16
371895068 4
371895072 2
371895074 4794773
376689847 65536
376755383 16384
376771767 8192
376779959 4096
376784055 2048
376786103 1024
376787127 128
376787255 8
376787263 4
376787267 262144
377049411 131072
377180483 8192
377188675 4096
377192771 1024
377193795 256
377194051 128
377194179 64
377194243 32
377194275 16
377194291 2
377194293 524288
377718581 65536
377784117 2048
377786165 512
377786677 256
377786933 128
377787061 16
377787077 4
377787081 524288
378311369 262144
378573513 2048
378575561 1024
378576585 64
378576649 4
378576653 2
378576655 262144
378838799 65536
378904335 32768
378937103 2048
378939151 1024
378940175 256
378940431 64
378940495 16
378940511 4
378940515 5262712
384203227 1572864
385776091 65536
385841627 32768
385874395 1024
385875419 512
385875931 32
385875963 4
385875967 524288
386400255 262144
386662399 65536
386727935 16384
386744319 8192
386752511 4096
386756607 1024
386757631 256
386757887 128
386758015 64
386758079 32
386758111 16
386758127 8
386758135 4
386758139 2
386758141 524288
387282429 131072
387413501 16384
387429885 8192
387438077 4096
387442173 512
387442685 256
387442941 128
387443069 64
387443133 32
387443165 16
387443181 8
387443189 1
387443190 1942023
389385213 1048576
390433789 262144
390695933 65536
390761469 16384
390777853 8192
390786045 4096
390790141 2048
390792189 1024
390793213 512
390793725 64
390793789 16
390793805 2
390793807 1
390793808 1572864
392366672 65536
392432208 32768
392464976 8192
392473168 512
392473680 64
392473744 2
392473746 1572864
394046610 131072
394177682 65536
394243218 16384
394259602 4096
394263698 512
394264210 256
394264466 64
394264530 32
394264562 8
394264570 4
394264574 1
394264575 1942023
396206598 131072
396337670 32768
396370438 4096
396374534 1024
396375558 256
396375814 128
396375942 64
396376006 32
396376038 16
396376054 8
396376062 2
396376064 1
396376065 8192
396384257 2048
396386305 1024
396387329 256
396387585 128
396387713 4
396387717 2
396387719 524288
396912007 262144
397174151 32768
397206919 16384
397223303 8192
397231495 4096
397235591 512
397236103 128
397236231 64
397236295 32
397236327 4
397236331 1048576
398284907 131072
398415979 32768
398448747 8192
398456939 1024
398457963 512
398458475 256
398458731 128
398458859 16
398458875 4
398458879 1048576
399507455 262144
399769599 65536
399835135 32768
399867903 8192
399876095 4096
399880191 2048
399882239 512
399882751 256
399883007 64
399883071 8
399883079 4
399883083 2
399883085 1
399883086 524288
400407374 131072
400538446 16384
400554830 1024
400555854 128
400555982 32
400556014 16
400556030 1
400556031 131072
400687103 65536
400752639 32768
400785407 8192
400793599 4096
400797695 2048
400799743 512
400800255 256
400800511 8
400800519 4
400800523 2
400800525 524288
401324813 262144
401586957 16384
401603341 1024
401604365 128
401604493 64
401604557 32
401604589 16
401604605 2
401604607 131072
401735679 65536
401801215 16384
401817599 8192
401825791 4096
401829887 2048
401831935 512
401832447 64
401832511 4
401832515 1
401832516 262144
402094660 32768
402127428 1024
402128452 256
402128708 128
402128836 32
402128868 16
402128884 8
402128892 2
402128894 1
402128895 262144
402391039 131072
402522111 65536
402587647 32768
402620415 16384
402636799 8192
402644991 4096
402649087 2048
402651135 1024
402652159 512
402652671 256
402652927 128
402653055 64
402653119 32
402653151 16
402653167 8
402653175 4
402653179 2
402653181 1
402653182 524288
403177470 262144
403439614 16384
403455998 8192
403464190 4096
403468286 1024
403469310 512
403469822 128
403469950 32
403469982 16
403469998 8
403470006 4
403470010 2
403470012 524288
403994300 131072
404125372 32768
404158140 16384
404174524 8192
404182716 4096
404186812 1024
404187836 256
404188092 32
404188124 16
404188140 8
404188148 4
404188152 65536
404253688 16384
404270072 8192
404278264 2048
404280312 1024
404281336 128
404281464 64
404281528 32
404281560 16
404281576 4
404281580 131072
404412652 65536
404478188 32768
404510956 16384
404527340 4096
404531436 2048
404533484 32
404533516 16
404533532 8
404533540 1
404533541 262144
404795685 131072
404926757 32768
404959525 8192
404967717 4096
404971813 1024
404972837 2
404972839 1
404972840 524288
405497128 131072
405628200 16384
405644584 2048
405646632 1024
405647656 256
405647912 128
405648040 64
405648104 4
405648108 2
405648110 16384
405664494 256
405664750 16
405664766 8
405664774 4
405664778 2
405664780 1942023
407606803 524288
408131091 131072
408262163 8192
408270355 4096
408274451 2048
408276499 512
408277011 256
408277267 128
408277395 64
408277459 32
408277491 8
408277499 4
408277503 2
408277505 1
408277506 16384
408293890 8192
408302082 2048
408304130 1024
408305154 512
408305666 256
408305922 128
408306050 32
408306082 8
408306090 1
408306091 5262712
413568803 524288
414093091 131072
414224163 16384
414240547 4096
414244643 1024
414245667 512
414246179 256
414246435 32
414246467 16
414246483 4
414246487 1
414246488 65536
414312024 8192
414320216 512
414320728 8
414320736 2
414320738 1
414320739 262144
414582883 65536
414648419 16384
414664803 4096
414668899 2048
414670947 512
414671459 32
414671491 16
414671507 8
414671515 2
414671517 1
414671518 1048576
415720094 262144
415982238 131072
416113310 65536
416178846 8192
416187038 4096
416191134 256
416191390 128
416191518 16
416191534 8
416191542 4
416191546 2
416191548 1
416191549 1048576
417240125 65536
417305661 16384
417322045 8192
417330237 4096
417334333 512
417334845 128
417334973 64
417335037 1
417335038 524288
417859326 262144
418121470 131072
418252542 65536
418318078 32768
418350846 16384
418367230 1024
418368254 256
418368510 2
418368512 1
418368513 262144
418630657 32768
418663425 16384
418679809 8192
418688001 2048
418690049 1024
418691073 256
418691329 32
418691361 4
418691365 1
418691366 5262712
423954078 131072
424085150 2048
424087198 1024
424088222 256
424088478 128
424088606 64
424088670 32
424088702 16
424088718 8
424088726 1942023
426030749 262144
426292893 65536
426358429 32768
426391197 16384
426407581 8192
426415773 4096
426419869 128
426419997 4
426420001 1
426420002 1942023
428362025 1048576
429410601 262144
429672745 65536
429738281 32768
429771049 16384
429787433 4096
429791529 2048
429793577 1024
429794601 128
429794729 32
429794761 1
429794762 5262712
435057474 1048576
436106050 65536
436171586 32768
436204354 2048
436206402 1024
436207426 128
436207554 32
436207586 16
436207602 8
436207610 4
436207614 1
436207615 1048576
437256191 262144
437518335 65536
437583871 32768
437616639 8192
437624831 4096
437628927 2048
437630975 256
437631231 16
437631247 8
437631255 1
437631256 262144
437893400 65536
437958936 32768
437991704 16384
438008088 8192
438016280 1024
438017304 512
438017816 256
438018072 16
438018088 4
438018092 1572864
439590956 65536
439656492 32768
439689260 16384
439705644 8192
439713836 4096
439717932 2048
439719980 1024
439721004 16
439721020 8
439721028 1
439721029 524288
440245317 262144
440507461 131072
440638533 65536
440704069 16384
440720453 8192
440728645 1024
440729669 256
440729925 64
440729989 32
440730021 8
440730029 4
440730033 1942023
442672056 1048576
443720632 16384
443737016 2048
443739064 1024
443740088 256
443740344 128
443740472 64
443740536 32
443740568 16
443740584 8
443740592 4
443740596 2
443740598 262144
444002742 131072
444133814 65536
444199350 32768
444232118 16384
444248502 8192
444256694 4096
444260790 256
444261046 64
444261110 32
444261142 16
444261158 8
444261166 1
444261167 1048576
445309743 262144
445571887 131072
445702959 65536
445768495 32768
445801263 8192
445809455 4096
445813551 1024
445814575 128
445814703 8
445814711 8192
445822903 4096
445826999 1024
445828023 512
445828535 128
445828663 32
445828695 8
445828703 4
445828707 1
445828708 1572864
447401572 131072
447532644 65536
447598180 32768
447630948 16384
447647332 1024
447648356 512
447648868 128
447648996 64
447649060 16
447649076 8
447649084 1
447649085 1048576
448697661 262144
448959805 131072
449090877 32768
449123645 8192
449131837 4096
449135933 2048
449137981 512
449138493 64
449138557 32
449138589 2
449138591 1
449138592 1572864
450711456 8192
450719648 4096
450723744 2048
450725792 64
450725856 16
450725872 2
450725874 1
450725875 524288
451250163 262144
451512307 8192
451520499 2048
451522547 512
451523059 256
451523315 32
451523347 8
451523355 2
451523357 524288
452047645 131072
452178717 16384
452195101 8192
452203293 1024
452204317 256
452204573 128
452204701 64
452204765 4
452204769 2
452204771 1
452204772 131072
452335844 1024
452336868 512
452337380 256
452337636 128
452337764 16
452337780 8
452337788 4
452337792 1
452337793 524288
452862081 65536
452927617 32768
452960385 16384
452976769 4096
452980865 2048
452982913 1024
452983937 512
452984449 256
452984705 64
452984769 32
452984801 16
452984817 8
452984825 4
452984829 2
452984831 1048576
454033407 131072
454164479 8192
454172671 2048
454174719 512
454175231 256
454175487 128
454175615 8
454175623 1
454175624 1942023
456117647 65536
456183183 32768
456215951 4096
456220047 512
456220559 32
456220591 16
456220607 1
456220608 524288
456744896 262144
457007040 131072
457138112 65536
457203648 32768
457236416 16384
457252800 4096
457256896 1024
457257920 256
457258176 128
457258304 64
457258368 16
457258384 8
457258392 1
457258393 1048576
458306969 65536
458372505 32768
458405273 8192
458413465 4096
458417561 256
458417817 16
458417833 8
458417841 4
458417845 2
458417847 1
458417848 131072
458548920 65536
458614456 16384
458630840 8192
458639032 512
458639544 256
458639800 128
458639928 32
458639960 8
458639968 4
458639972 1
458639973 1572864
460212837 65536
460278373 32768
460311141 1024
460312165 512
460312677 64
460312741 8
460312749 4
460312753 1
460312754 1048576
461361330 8192
461369522 2048
461371570 1024
461372594 512
461373106 256
461373362 64
461373426 8
461373434 4
461373438 1
461373439 131072
461504511 65536
461570047 16384
461586431 512
461586943 256
461587199 128
461587327 32
461587359 8
461587367 4
461587371 2
461587373 1
461587374 1048576
462635950 262144
462898094 65536
462963630 16384
462980014 8192
462988206 128
462988334 64
462988398 8
462988406 262144
463250550 131072
463381622 32768
463414390 4096
463418486 1024
463419510 512
463420022 64
463420086 16
463420102 1942023
465362125 131072
465493197 65536
465558733 8192
465566925 512
465567437 256
465567693 32
465567725 16
465567741 2
465567743 524288
466092031 262144
466354175 16384
466370559 8192
466378751 2048
466380799 1024
466381823 256
466382079 128
466382207 32
466382239 4
466382243 2
466382245 1
466382246 524288
466906534 262144
467168678 131072
467299750 16384
467316134 8192
467324326 4096
467328422 512
467328934 256
467329190 64
467329254 32
467329286 4
467329290 262144
467591434 65536
467656970 4096
467661066 2048
467663114 1024
467664138 512
467664650 128
467664778 64
467664842 32
467664874 16
467664890 4
467664894 1
467664895 524288
468189183 131072
468320255 4096
468324351 512
468324863 256
468325119 64
468325183 32
468325215 16
468325231 4
468325235 1
468325236 262144
468587380 65536
468652916 32768
468685684 16384
468702068 8192
468710260 2048
468712308 1024
468713332 128
468713460 8
468713468 2
468713470 1
468713471 524288
469237759 262144
469499903 131072
469630975 65536
469696511 4096
469700607 2048
469702655 1024
469703679 64
469703743 32
469703775 16
469703791 8
469703799 4
469703803 16384
469720187 8192
469728379 512
469728891 256
469729147 128
469729275 4
469729279 16384
469745663 8192
469753855 4096
469757951 2048
469759999 1024
469761023 512
469761535 256
469761791 128
469761919 64
469761983 32
469762015 16
469762031 8
469762039 4
469762043 2
469762045 1
469762046 524288
470286334 262144
470548478 131072
470679550 65536
470745086 8192
470753278 4096
470757374 2048
470759422 1024
470760446 512
470760958 256
470761214 128
470761342 64
470761406 4
470761410 2
470761412 5262712
476024124 1048576
477072700 262144
477334844 65536
477400380 4096
477404476 2048
477406524 1024
477407548 512
477408060 128
477408188 32
477408220 2
477408222 5262712
482670934 1572864
484243798 65536
484309334 32768
484342102 16384
484358486 8192
484366678 512
484367190 64
484367254 32
484367286 1
484367287 1942023
486309310 131072
486440382 65536
486505918 32768
486538686 512
486539198 64
486539262 1
486539263 1942023
488481286 1048576
489529862 262144
489792006 131072
489923078 32768
489955846 4096
489959942 1024
489960966 256
489961222 128
489961350 64
489961414 8
489961422 1
489961423 262144
490223567 65536
490289103 32768
490321871 16384
490338255 8192
490346447 512
490346959 32
490346991 16
490347007 8
490347015 1
490347016 3746197
494093213 262144
494355357 4096
494359453 1024
494360477 512
494360989 64
494361053 16
494361069 8
494361077 4
494361081 262144
494623225 131072
494754297 32768
494787065 8192
494795257 4096
494799353 32
494799385 8
494799393 4
494799397 1
494799398 16384
494815782 4096
494819878 2048
494821926 1024
494822950 128
494823078 8
494823086 4
494823090 1
494823091 65536
494888627 32768
494921395 4096
494925491 2048
494927539 256
494927795 64
494927859 8
494927867 4
494927871 1942023
496869894 1048576
497918470 262144
498180614 131072
498311686 32768
498344454 16384
498360838 8192
498369030 512
498369542 256
498369798 128
498369926 32
498369958 16
498369974 4
498369978 1
498369979 524288
498894267 65536
498959803 16384
498976187 8192
498984379 4096
498988475 1024
498989499 512
498990011 128
498990139 16
498990155 4
498990159 1
498990160 131072
499121232 512
499121744 256
499122000 128
499122128 32
499122160 8
499122168 4
499122172 2
499122174 1
499122175 1048576
500170751 262144
500432895 131072
500563967 65536
500629503 2048
500631551 1024
500632575 16
500632591 2
500632593 524288
501156881 32768
501189649 16384
501206033 8192
501214225 4096
501218321 512
501218833 256
501219089 128
501219217 64
501219281 32
501219313 8
501219321 4
501219325 2
501219327 1048576
502267903 524288
502792191 262144
503054335 131072
503185407 65536
503250943 32768
503283711 16384
503300095 8192
503308287 4096
503312383 2048
503314431 1024
503315455 512
503315967 256
503316223 128
503316351 64
503316415 32
503316447 16
503316463 8
503316471 4
503316475 2
503316477 1
503316478 262144
503578622 131072
503709694 65536
503775230 32768
503807998 16384
503824382 8192
503832574 1024
503833598 512
503834110 256
503834366 16
503834382 8
503834390 2
503834392 1048576
504882968 32768
504915736 16384
504932120 8192
504940312 1024
504941336 256
504941592 4
504941596 2
504941598 1
504941599 1942023
506883622 524288
507407910 131072
507538982 65536
507604518 4096
507608614 1024
507609638 512
507610150 256
507610406 64
507610470 1
507610471 131072
507741543 16384
507757927 8192
507766119 4096
507770215 2048
507772263 256
507772519 4
507772523 2
507772525 1
507772526 524288
508296814 131072
508427886 32768
508460654 4096
508464750 2048
508466798 1024
508467822 64
508467886 16
508467902 2
508467904 524288
508992192 16384
509008576 2048
509010624 256
509010880 128
509011008 64
509011072 32
509011104 8
509011112 1
509011113 1942023
510953136 524288
511477424 2048
511479472 512
511479984 256
511480240 64
511480304 32
511480336 16
511480352 8
511480360 4
511480364 2
511480366 131072
511611438 65536
511676974 16384
511693358 8192
511701550 2048
511703598 1024
511704622 256
511704878 128
511705006 64
511705070 16
511705086 1
511705087 524288
512229375 131072
512360447 16384
512376831 8192
512385023 1024
512386047 512
512386559 256
512386815 64
512386879 32
512386911 131072
512517983 32768
512550751 2048
512552799 512
512553311 64
512553375 2
512553377 1942023
514495400 1048576
515543976 262144
515806120 65536
515871656 16384
515888040 8192
515896232 2048
515898280 1024
515899304 64
515899368 16
515899384 4
515899388 2
515899390 1
515899391 524288
516423679 65536
516489215 16384
516505599 8192
516513791 4096
516517887 2048
516519935 1024
516520959 128
516521087 64
516521151 16
516521167 4
516521171 1
516521172 524288
517045460 262144
517307604 131072
517438676 16384
517455060 2048
517457108 1024
517458132 512
517458644 128
517458772 64
517458836 16
517458852 8
517458860 65536
517524396 16384
517540780 4096
517544876 128
517545004 64
517545068 8
517545076 4
517545080 2
517545082 262144
517807226 131072
517938298 32768
517971066 16384
517987450 8192
517995642 512
517996154 256
517996410 128
517996538 4
517996542 1
517996543 262144
518258687 131072
518389759 16384
518406143 8192
518414335 2048
518416383 64
518416447 8
518416455 4
518416459 524288
518940747 65536
519006283 32768
519039051 4096
519043147 1024
519044171 512
519044683 256
519044939 128
519045067 32
519045099 16
519045115 4
519045119 65536
519110655 32768
519143423 16384
519159807 2048
519161855 1024
519162879 512
519163391 128
519163519 32
519163551 2
519163553 1
519163554 262144
519425698 131072
519556770 8192
519564962 4096
519569058 256
519569314 64
519569378 16
519569394 8
519569402 4
519569406 1
519569407 262144
519831551 131072
519962623 65536
520028159 32768
520060927 16384
520077311 8192
520085503 4096
520089599 2048
520091647 1024
520092671 512
520093183 256
520093439 128
520093567 64
520093631 32
520093663 16
520093679 8
520093687 4
520093691 2
520093693 1
520093694 1942023
522035717 1048576
523084293 262144
523346437 65536
523411973 32768
523444741 4096
523448837 1024
523449861 512
523450373 128
523450501 64
523450565 8
523450573 4
523450577 2
523450579 524288
523974867 262144
524237011 32768
524269779 16384
524286163 1024
524287187 512
524287699 256
524287955 32
524287987 8
524287995 4
524287999 1048576
525336575 262144
525598719 512
525599231 256
525599487 128
525599615 64
525599679 32
525599711 2
525599713 524288
526124001 256
526124257 128
526124385 32
526124417 131072
526255489 65536
526321025 32768
526353793 16384
526370177 8192
526378369 4096
526382465 2048
526384513 512
526385025 64
526385089 32
526385121 16
526385137 8
526385145 4
526385149 2
526385151 1048576
527433727 524288
527958015 262144
528220159 131072
528351231 65536
528416767 32768
528449535 16384
528465919 8192
528474111 4096
528478207 2048
528480255 1024
528481279 512
528481791 256
528482047 128
528482175 64
528482239 32
528482271 16
528482287 8
528482295 4
528482299 2
528482301 1
528482302 1942023
530424325 131072
530555397 16384
530571781 4096
530575877 2048
530577925 1024
530578949 256
530579205 128
530579333 64
530579397 32
530579429 16
530579445 8
530579453 2
530579455 524288
531103743 262144
531365887 8192
531374079 2048
531376127 512
531376639 256
531376895 128
531377023 131072
531508095 65536
531573631 32768
531606399 16384
531622783 4096
531626879 1024
531627903 128
531628031 524288
532152319 262144
532414463 131072
532545535 65536
532611071 32768
532643839 16384
532660223 8192
532668415 4096
532672511 2048
532674559 1024
532675583 512
532676095 256
532676351 128
532676479 64
532676543 32
532676575 16
532676591 8
532676599 4
532676603 2
532676605 1
532676606 32768
532709374 16384
532725758 8192
532733950 4096
532738046 512
532738558 128
532738686 32
532738718 8
532738726 2
532738728 1
532738729 524288
533263017 262144
533525161 131072
533656233 65536
533721769 2048
533723817 1024
533724841 256
533725097 64
533725161 16
533725177 4
533725181 2
533725183 524288
534249471 262144
534511615 131072
534642687 65536
534708223 32768
534740991 16384
534757375 8192
534765567 4096
534769663 2048
534771711 1024
534772735 512
534773247 256
534773503 128
534773631 64
534773695 32
534773727 16
534773743 8
534773751 4
534773755 2
534773757 1
534773758 524288
535298046 1
535298047 262144
535560191 131072
535691263 65536
535756799 32768
535789567 16384
535805951 8192
535814143 4096
535818239 2048
535820287 1024
535821311 512
535821823 256
535822079 128
535822207 64
535822271 32
535822303 16
535822319 8
535822327 4
535822331 2
535822333 1
535822334 262144
536084478 1
536084479 131072
536215551 65536
536281087 32768
536313855 16384
536330239 8192
536338431 4096
536342527 2048
536344575 1024
536345599 512
536346111 256
536346367 128
536346495 64
536346559 32
536346591 16
536346607 8
536346615 4
536346619 2
536346621 1
536346622 131072
536477694 1
536477695 65536
536543231 32768
536575999 16384
536592383 8192
536600575 4096
536604671 2048
536606719 1024
536607743 512
536608255 256
536608511 128
536608639 64
536608703 32
536608735 16
536608751 8
536608759 4
536608763 2
536608765 1
536608766 65536
536674302 1
536674303 32768
536707071 16384
536723455 8192
536731647 4096
536735743 2048
536737791 1024
536738815 512
536739327 256
536739583 128
536739711 64
536739775 32
536739807 16
536739823 8
536739831 4
536739835 2
536739837 1
536739838 32768
536772606 1
536772607 16384
536788991 8192
536797183 4096
536801279 2048
536803327 1024
536804351 512
536804863 256
536805119 128
536805247 64
536805311 32
536805343 16
536805359 8
536805367 4
536805371 2
536805373 1
536805374 16384
536821758 1
536821759 8192
536829951 4096
536834047 2048
536836095 1024
536837119 512
536837631 256
536837887 128
536838015 64
536838079 32
536838111 16
536838127 8
536838135 4
536838139 2
536838141 1
536838142 8192
536846334 1
536846335 4096
536850431 2048
536852479 1024
536853503 512
536854015 256
536854271 128
536854399 64
536854463 32
536854495 16
536854511 8
536854519 4
536854523 2
536854525 1
536854526 4096
536858622 1
536858623 2048
536860671 1024
536861695 512
536862207 256
536862463 128
536862591 64
536862655 32
536862687 16
536862703 8
536862711 4
536862715 2
536862717 1
536862718 2048
536864766 1
536864767 1024
536865791 512
536866303 256
536866559 128
536866687 64
536866751 32
536866783 16
536866799 8
536866807 4
536866811 2
536866813 1
536866814 1024
536867838 1
536867839 512
536868351 256
536868607 128
536868735 64
536868799 32
536868831 16
536868847 8
536868855 4
536868859 2
536868861 1
536868862 512
536869374 1
536869375 256
536869631 128
536869759 64
536869823 32
536869855 16
536869871 8
536869879 4
536869883 2
536869885 1
536869886 256
536870142 1
536870143 128
536870271 64
536870335 32
536870367 16
536870383 8
536870391 4
536870395 2
536870397 1
536870398 128
536870526 1
536870527 64
536870591 32
536870623 16
536870639 8
536870647 4
536870651 2
536870653 1
536870654 64
536870718 1
536870719 32
536870751 16
536870767 8
536870775 4
536870779 2
536870781 1
536870782 32
536870814 1
536870815 16
536870831 8
536870839 4
536870843 2
536870845 1
536870846 16
536870862 1
536870863 8
536870871 4
536870875 2
536870877 1
536870878 8
536870886 1
536870887 4
536870891 2
536870893 1
536870894 4
536870898 1
536870899 2
536870901 1
536870902 2
536870904 1
536870905 1
536870906 2
536870908 8192
536879100 2048
536881148 1024
536882172 128
536882300 64
536882364 32
536882396 16
536882412 8
536882420 4
536882424 1942023
538824447 262144
539086591 32768
539119359 16384
539135743 8192
539143935 2048
539145983 1024
539147007 128
539147135 64
539147199 32
539147231 16
539147247 4
539147251 2
539147253 1048576
540195829 65536
540261365 16384
540277749 8192
540285941 4096
540290037 2048
540292085 512
540292597 256
540292853 128
540292981 64
540293045 32
540293077 16
540293093 8
540293101 2
540293103 1
540293104 1942023
542235127 262144
542497271 131072
542628343 32768
542661111 16384
542677495 8192
542685687 4096
542689783 1024
542690807 128
542690935 32
542690967 16
542690983 8
542690991 4
542690995 2
542690997 1572864
544263861 131072
544394933 16384
544411317 4096
544415413 256
544415669 128
544415797 64
544415861 32
544415893 4
544415897 2
544415899 131072
544546971 65536
544612507 32768
544645275 2048
544647323 512
544647835 128
544647963 32
544647995 8
544648003 2
544648005 1
544648006 1942023
546590029 1048576
547638605 65536
547704141 32768
547736909 16384
547753293 4096
547757389 2048
547759437 16
547759453 1942023
549701476 262144
549963620 65536
550029156 32768
550061924 8192
550070116 4096
550074212 1024
550075236 256
550075492 32
550075524 16
550075540 8
550075548 2
550075550 1
550075551 1942023
552017574 1048576
553066150 262144
553328294 65536
553393830 16384
553410214 1024
553411238 128
553411366 32
553411398 16
553411414 4
553411418 1942023
555353441 1048576
556402017 131072
556533089 65536
556598625 16384
556615009 8192
556623201 1024
556624225 512
556624737 256
556624993 128
556625121 64
556625185 16
556625201 8
556625209 524288
557149497 131072
557280569 4096
557284665 2048
557286713 1024
557287737 256
557287993 64
557288057 16
557288073 8
557288081 4
557288085 524288
557812373 131072
557943445 32768
557976213 16384
557992597 512
557993109 256
557993365 128
557993493 64
557993557 32
557993589 4
557993593 262144
558255737 131072
558386809 32768
558419577 4096
558423673 256
558423929 128
558424057 32
558424089 16
558424105 8
558424113 2
558424115 1048576
559472691 65536
559538227 16384
559554611 1024
559555635 512
559556147 16
559556163 8
559556171 4
559556175 1942023
561498198 262144
561760342 1024
561761366 128
561761494 32
561761526 16
561761542 8
561761550 1900544
563662094 8192
563670286 4096
563674382 1024
563675406 512
563675918 32
563675950 1942023
565617973 262144
565880117 131072
566011189 65536
566076725 4096
566080821 2048
566082869 512
566083381 128
566083509 32
566083541 16
566083557 2
566083559 32768
566116327 16384
566132711 8192
566140903 4096
566144999 2048
566147047 512
566147559 128
566147687 64
566147751 1942023
568089774 524288
568614062 65536
568679598 2048
568681646 1024
568682670 512
568683182 128
568683310 16
568683326 4
568683330 2
568683332 1
568683333 524288
569207621 65536
569273157 2048
569275205 512
569275717 256
569275973 8
569275981 1
569275982 1900544
571176526 16384
571192910 4096
571197006 2048
571199054 512
571199566 256
571199822 32
571199854 16
571199870 2
571199872 1942023
573141895 262144
573404039 65536
573469575 16384
573485959 2048
573488007 512
573488519 256
573488775 32
573488807 16
573488823 1
573488824 524288
574013112 32768
574045880 8192
574054072 4096
574058168 2048
574060216 1024
574061240 512
574061752 256
574062008 128
574062136 16
574062152 524288
574586440 262144
574848584 131072
574979656 65536
575045192 16384
575061576 8192
575069768 2048
575071816 512
575072328 256
575072584 64
575072648 32
575072680 4
575072684 1
575072685 262144
575334829 8192
575343021 4096
575347117 2048
575349165 1024
575350189 512
575350701 256
575350957 32
575350989 16
575351005 8
575351013 1048576
576399589 131072
576530661 32768
576563429 16384
576579813 8192
576588005 4096
576592101 2048
576594149 1024
576595173 256
576595429 16
576595445 2
576595447 1
576595448 3746197
580341645 524288
580865933 256
580866189 64
580866253 32
580866285 2
580866287 4096
580870383 2048
580872431 1024
580873455 128
580873583 32
580873615 16
580873631 2
580873633 262144
581135777 65536
581201313 32768
581234081 4096
581238177 2048
581240225 1024
581241249 512
581241761 64
581241825 32
581241857 4
581241861 1
581241862 262144
581504006 131072
581635078 65536
581700614 8192
581708806 4096
581712902 2048
581714950 1024
581715974 512
581716486 256
581716742 8
581716750 1942023
583658773 262144
583920917 32768
583953685 8192
583961877 4096
583965973 256
583966229 64
583966293 32
583966325 16
583966341 8
583966349 4
583966353 2
583966355 1
583966356 262144
584228500 131072
584359572 2048
584361620 64
584361684 3746197
588107881 524288
588632169 131072
588763241 65536
588828777 32768
588861545 8192
588869737 2048
588871785 512
588872297 256
588872553 128
588872681 32
588872713 16
588872729 2
588872731 1048576
589921307 131072
590052379 65536
590117915 32768
590150683 8192
590158875 2048
590160923 1024
590161947 16
590161963 8
590161971 4
590161975 1048576
591210551 131072
591341623 32768
591374391 16384
591390775 8192
591398967 1024
591399991 512
591400503 4
591400507 2
591400509 65536
591466045 4096
591470141 2048
591472189 32
591472221 8
591472229 4
591472233 5005562
596477795 8192
596485987 4096
596490083 1024
596491107 256
596491363 64
596491427 16
596491443 3514887
600006330 65536
600071866 8192
600080058 2048
600082106 1024
600083130 512
600083642 32
600083674 16
600083690 8
600083698 1
600083699 131072
600214771 65536
600280307 16384
600296691 4096
600300787 1024
600301811 512
600302323 64
600302387 32
600302419 4
600302423 1
600302424 131072
600433496 65536
600499032 2048
600501080 512
600501592 256
600501848 128
600501976 16
600501992 2
600501994 4794773
605296767 65536
605362303 32768
605395071 16384
605411455 8192
605419647 2048
605421695 1024
605422719 64
605422783 32
605422815 16
605422831 4
605422835 262144
605684979 131072
605816051 65536
605881587 32768
605914355 16384
605930739 4096
605934835 512
605935347 256
605935603 128
605935731 16
605935747 8
605935755 4
605935759 2
605935761 1
605935762 1942023
607877785 524288
608402073 65536
608467609 32768
608500377 16384
608516761 8192
608524953 1024
608525977 128
608526105 64
608526169 1572864
610099033 131072
610230105 8192
610238297 2048
610240345 1024
610241369 512
610241881 128
610242009 64
610242073 32
610242105 8
610242113 4
610242117 2
610242119 65536
610307655 8192
610315847 512
610316359 128
610316487 32
610316519 8
610316527 4
610316531 1
610316532 524288
610840820 131072
610971892 65536
611037428 32768
611070196 4096
611074292 128
611074420 64
611074484 32
611074516 16
611074532 1
611074533 131072
611205605 16384
611221989 8192
611230181 4096
611234277 1024
611235301 512
611235813 256
611236069 32
611236101 16
611236117 4
611236121 2
611236123 1
611236124 1572864
612808988 131072
612940060 32768
612972828 16384
612989212 4096
612993308 512
612993820 256
612994076 64
612994140 16
612994156 4
612994160 2
612994162 1
612994163 1048576
614042739 65536
614108275 16384
614124659 4096
614128755 2048
614130803 1024
614131827 512
614132339 256
614132595 32
614132627 16
614132643 8
614132651 2
614132653 1572864
615705517 65536
615771053 32768
615803821 16384
615820205 4096
615824301 1024
615825325 256
615825581 64
615825645 32
615825677 2
615825679 1
615825680 524288
616349968 2048
616352016 128
616352144 64
616352208 16
616352224 524288
616876512 262144
617138656 65536
617204192 16384
617220576 4096
617224672 16
617224688 4
617224692 2
617224694 1
617224695 1942023
619166718 262144
619428862 16384
619445246 4096
619449342 2048
619451390 512
619451902 128
619452030 4
619452034 1
619452035 32768
619484803 8192
619492995 4096
619497091 1024
619498115 512
619498627 256
619498883 64
619498947 32
619498979 16
619498995 8
619499003 4
619499007 1
619499008 1942023
621441031 262144
621703175 65536
621768711 8192
621776903 1024
621777927 512
621778439 128
621778567 2
621778569 1
621778570 524288
622302858 262144
622565002 131072
622696074 32768
622728842 2048
622730890 1024
622731914 512
622732426 256
622732682 128
622732810 64
622732874 32
622732906 1
622732907 524288
623257195 262144
623519339 131072
623650411 32768
623683179 1024
623684203 512
623684715 256
623684971 128
623685099 64
623685163 16
623685179 4
623685183 2
623685185 3645959
627331144 4096
627335240 256
627335496 64
627335560 16
627335576 8
627335584 4
627335588 2
627335590 1
627335591 524288
627859879 262144
628122023 65536
628187559 16384
628203943 8192
628212135 4096
628216231 2048
628218279 256
628218535 8
628218543 1048576
629267119 262144
629529263 65536
629594799 16384
629611183 4096
629615279 128
629615407 64
629615471 2
629615473 131072
629746545 65536
629812081 32768
629844849 16384
629861233 8192
629869425 1024
629870449 512
629870961 64
629871025 16
629871041 2
629871043 1048576
630919619 131072
631050691 32768
631083459 16384
631099843 1024
631100867 256
631101123 32
631101155 8
631101163 4
631101167 2
631101169 1
631101170 524288
631625458 262144
631887602 131072
632018674 65536
632084210 2048
632086258 1024
632087282 512
632087794 64
632087858 16
632087874 8
632087882 2
632087884 1
632087885 524288
632612173 32768
632644941 4096
632649037 2048
632651085 512
632651597 256
632651853 128
632651981 64
632652045 8
632652053 4
632652057 2
632652059 131072
632783131 32768
632815899 16384
632832283 4096
632836379 2048
632838427 256
632838683 8
632838691 4
632838695 65536
632904231 32768
632936999 8192
632945191 4096
632949287 512
632949799 256
632950055 64
632950119 16
632950135 4
632950139 262144
633212283 131072
633343355 32768
633376123 16384
633392507 8192
633400699 1024
633401723 512
633402235 256
633402491 8
633402499 2
633402501 1048576
634451077 131072
634582149 65536
634647685 32768
634680453 4096
634684549 2048
634686597 1024
634687621 512
634688133 128
634688261 64
634688325 16
634688341 4
634688345 2
634688347 1
634688348 1572864
636261212 65536
636326748 16384
636343132 128
636343260 64
636343324 8
636343332 2
636343334 32768
636376102 256
636376358 128
636376486 64
636376550 16
636376566 8
636376574 4
636376578 2
636376580 1
636376581 1942023
638318604 262144
638580748 16384
638597132 8192
638605324 2048
638607372 32
638607404 16
638607420 8
638607428 2
638607430 1
638607431 524288
639131719 262144
639393863 131072
639524935 16384
639541319 2048
639543367 256
639543623 64
639543687 32
639543719 8
639543727 2
639543729 16384
639560113 8192
639568305 4096
639572401 2048
639574449 64
639574513 32
639574545 16
639574561 8
639574569 4
639574573 2
639574575 1
639574576 3746197
643320773 524288
643845061 131072
643976133 8192
643984325 4096
643988421 1024
643989445 512
643989957 256
643990213 128
643990341 64
643990405 8
643990413 1
643990414 524288
644514702 262144
644776846 131072
644907918 65536
644973454 32768
645006222 16384
645022606 16
645022622 4
645022626 2
645022628 524288
645546916 131072
645677988 65536
645743524 32768
645776292 16384
645792676 8192
645800868 4096
645804964 2048
645807012 16
645807028 4
645807032 2
645807034 1
645807035 1942023
647749058 524288
648273346 131072
648404418 32768
648437186 16384
648453570 512
648454082 64
648454146 32
648454178 16
648454194 8
648454202 4
648454206 2
648454208 1
648454209 524288
648978497 16384
648994881 8192
649003073 2048
649005121 1024
649006145 512
649006657 256
649006913 64
649006977 16
649006993 4
649006997 2
649006999 1
649007000 524288
649531288 65536
649596824 4096
649600920 256
649601176 128
649601304 64
649601368 16
649601384 8
649601392 1
649601393 524288
650125681 131072
650256753 512
650257265 256
650257521 32
650257553 131072
650388625 65536
650454161 32768
650486929 4096
650491025 2048
650493073 256
650493329 64
650493393 32
650493425 16
650493441 2
650493443 1
650493444 1942023
652435467 1048576
653484043 262144
653746187 16384
653762571 64
653762635 8
653762643 4
653762647 2
653762649 1
653762650 1572864
655335514 131072
655466586 16384
655482970 1024
655483994 64
655484058 16
655484074 8
655484082 4
655484086 2
655484088 1572864
657056952 131072
657188024 65536
657253560 32768
657286328 16384
657302712 2048
657304760 1024
657305784 128
657305912 64
657305976 16
657305992 8
657306000 1
657306001 1942023
659248024 524288
659772312 65536
659837848 8192
659846040 2048
659848088 1024
659849112 128
659849240 32
659849272 4
659849276 1
659849277 1048576
660897853 262144
661159997 32768
661192765 8192
661200957 4096
661205053 2048
661207101 512
661207613 256
661207869 128
661207997 4
661208001 1
661208002 1942023
663150025 262144
663412169 131072
663543241 65536
663608777 32768
663641545 16384
663657929 8192
663666121 1024
663667145 512
663667657 256
663667913 128
663668041 64
663668105 8
663668113 4
663668117 1048576
664716693 262144
664978837 16384
664995221 4096
664999317 2048
665001365 1024
665002389 256
665002645 64
665002709 4
665002713 1
665002714 524288
665527002 262144
665789146 65536
665854682 512
665855194 128
665855322 32
665855354 8
665855362 2
665855364 1942023
667797387 524288
668321675 131072
668452747 65536
668518283 32768
668551051 16384
668567435 8192
668575627 512
668576139 256
668576395 128
668576523 64
668576587 8
668576595 4
668576599 262144
668838743 16384
668855127 4096
668859223 2048
668861271 512
668861783 256
668862039 128
668862167 64
668862231 16
668862247 1
668862248 1942023
670804271 1048576
671852847 8192
671861039 512
671861551 256
671861807 128
671861935 64
671861999 32
671862031 16
671862047 8
671862055 4
671862059 524288
672386347 262144
672648491 131072
672779563 65536
672845099 8192
672853291 4096
672857387 1024
672858411 32
672858443 16
672858459 8
672858467 4
672858471 2
672858473 1
672858474 524288
673382762 131072
673513834 65536
673579370 16384
673595754 4096
673599850 2048
673601898 256
673602154 128
673602282 64
673602346 32
673602378 8
673602386 4
673602390 65536
673667926 32768
673700694 8192
673708886 4096
673712982 128
673713110 32
673713142 16
673713158 8
673713166 4
673713170 2
673713172 1
673713173 524288
674237461 32768
674270229 4096
674274325 2048
674276373 512
674276885 64
674276949 4
674276953 524288
674801241 131072
674932313 16384
674948697 8192
674956889 4096
674960985 512
674961497 256
674961753 64
674961817 32
674961849 4
674961853 1
674961854 3746197
678708051 65536
678773587 16384
678789971 8192
678798163 512
678798675 8
678798683 2
678798685 524288
679322973 262144
679585117 65536
679650653 2048
679652701 4
679652705 524288
680176993 65536
680242529 4096
680246625 2048
680248673 1024
680249697 512
680250209 256
680250465 128
680250593 64
680250657 32
680250689 16
680250705 8
680250713 4
680250717 1
680250718 524288
680775006 131072
680906078 32768
680938846 4096
680942942 1024
680943966 512
680944478 256
680944734 128
680944862 64
680944926 32
680944958 2
680944960 1
680944961 65536
681010497 32768
681043265 16384
681059649 4096
681063745 256
681064001 128
681064129 16
681064145 524288
681588433 65536
681653969 16384
681670353 4096
681674449 1024
681675473 512
681675985 256
681676241 128
681676369 64
681676433 16
681676449 1942023
683618472 4096
683622568 2048
683624616 1024
683625640 256
683625896 128
683626024 64
683626088 16
683626104 1942023
685568127 262144
685830271 16384
685846655 8192
685854847 4096
685858943 2048
685860991 512
685861503 128
685861631 16
685861647 4
685861651 1
685861652 262144
686123796 65536
686189332 4096
686193428 512
686193940 128
686194068 64
686194132 32
686194164 16
686194180 8
686194188 1942023
688136211 1048576
689184787 65536
689250323 16384
689266707 4096
689270803 2048
689272851 1024
689273875 512
689274387 256
689274643 128
689274771 64
689274835 32
689274867 8
689274875 4
689274879 2
689274881 1
689274882 1942023
691216905 131072
691347977 16384
691364361 4096
691368457 1024
691369481 512
691369993 128
691370121 64
691370185 32
691370217 16
691370233 8
691370241 4
691370245 2
691370247 1942023
693312270 1048576
694360846 131072
694491918 65536
694557454 32768
694590222 16384
694606606 8192
694614798 2048
694616846 1024
694617870 256
694618126 64
694618190 16
694618206 2
694618208 1942023
696560231 524288
697084519 262144
697346663 65536
697412199 16384
697428583 8192
697436775 256
697437031 128
697437159 16
697437175 4
697437179 524288
697961467 131072
698092539 65536
698158075 16384
698174459 4096
698178555 2048
698180603 1024
698181627 64
698181691 8
698181699 1
698181700 32768
698214468 8192
698222660 512
698223172 128
698223300 64
698223364 3645959
701869323 32768
701902091 16384
701918475 8192
701926667 2048
701928715 1024
701929739 256
701929995 16
701930011 8
701930019 4
701930023 2
701930025 1
701930026 1900544
703830570 16384
703846954 2048
703849002 512
703849514 256
703849770 8
703849778 4
703849782 1
703849783 3746197
707595980 131072
707727052 65536
707792588 16384
707808972 8192
707817164 512
707817676 256
707817932 128
707818060 16
707818076 2
707818078 1
707818079 1942023
709760102 1048576
710808678 262144
711070822 32768
711103590 16384
711119974 4096
711124070 2048
711126118 1024
711127142 512
711127654 256
711127910 128
711128038 8
711128046 2
711128048 524288
711652336 65536
711717872 32768
711750640 16384
711767024 8192
711775216 2048
711777264 1024
711778288 512
711778800 256
711779056 128
711779184 64
711779248 16
711779264 8
711779272 2
711779274 65536
711844810 16384
711861194 8192
711869386 4096
711873482 2048
711875530 1024
711876554 512
711877066 16
711877082 2
711877084 1
711877085 4794773
716671858 65536
716737394 32768
716770162 16384
716786546 2048
716788594 128
716788722 64
716788786 4
716788790 1
716788791 3746197
720534988 131072
720666060 65536
720731596 32768
720764364 8192
720772556 1024
720773580 512
720774092 256
720774348 128
720774476 1
720774477 131072
720905549 16384
720921933 512
720922445 128
720922573 8
720922581 2
720922583 1
720922584 524288
721446872 131072
721577944 16384
721594328 4096
721598424 256
721598680 64
721598744 32
721598776 2
721598778 1572864
723171642 16384
723188026 8192
723196218 4096
723200314 2048
723202362 64
723202426 16
723202442 8
723202450 2
723202452 1
723202453 1048576
724251029 262144
724513173 131072
724644245 32768
724677013 16384
724693397 4096
724697493 256
724697749 16
724697765 8
724697773 2
724697775 1048576
725746351 65536
725811887 32768
725844655 16384
725861039 8192
725869231 2048
725871279 8
725871287 1
725871288 1942023
727813311 131072
727944383 65536
728009919 32768
728042687 16384
728059071 4096
728063167 2048
728065215 32
728065247 16
728065263 1048576
729113839 131072
729244911 65536
729310447 32768
729343215 16384
729359599 8192
729367791 4096
729371887 512
729372399 256
729372655 128
729372783 64
729372847 2
729372849 1572864
730945713 131072
731076785 65536
731142321 32768
731175089 8192
731183281 2048
731185329 1024
731186353 512
731186865 4
731186869 2
731186871 1048576
732235447 32768
732268215 4096
732272311 256
732272567 128
732272695 32
732272727 8
732272735 4
732272739 2
732272741 1
732272742 1835008
734107750 32768
734140518 8192
734148710 2048
734150758 1024
734151782 512
734152294 256
734152550 8
734152558 1
734152559 5262712
739415271 1048576
740463847 131072
740594919 256
740595175 64
740595239 8
740595247 4
740595251 2
740595253 524288
741119541 262144
741381685 65536
741447221 16384
741463605 8192
741471797 4096
741475893 2048
741477941 256
741478197 8
741478205 2
741478207 1942023
743420230 1048576
744468806 262144
744730950 65536
744796486 32768
744829254 16384
744845638 8192
744853830 4096
744857926 2048
744859974 512
744860486 128
744860614 64
744860678 32
744860710 8
744860718 4
744860722 1
744860723 262144
745122867 131072
745253939 32768
745286707 16384
745303091 4096
745307187 1024
745308211 512
745308723 256
745308979 128
745309107 8
745309115 4
745309119 2
745309121 1
745309122 1048576
746357698 65536
746423234 8192
746431426 512
746431938 128
746432066 64
746432130 32
746432162 16
746432178 8
746432186 4
746432190 262144
746694334 131072
746825406 16384
746841790 8192
746849982 4096
746854078 2048
746856126 1024
746857150 512
746857662 4
746857666 1
746857667 524288
747381955 262144
747644099 32768
747676867 16384
747693251 4096
747697347 1024
747698371 512
747698883 256
747699139 128
747699267 8
747699275 4
747699279 2
747699281 1835008
749534289 8192
749542481 512
749542993 64
749543057 32
749543089 8
749543097 2
749543099 524288
750067387 65536
750132923 128
750133051 16
750133067 8
750133075 4
750133079 2
750133081 3746197
753879278 524288
754403566 262144
754665710 32768
754698478 8192
754706670 4096
754710766 1024
754711790 512
754712302 32
754712334 16
754712350 8
754712358 4
754712362 2
754712364 1
754712365 3746197
758458562 524288
758982850 65536
759048386 32768
759081154 512
759081666 256
759081922 128
759082050 5262712
764344762 524288
764869050 262144
765131194 131072
765262266 8192
765270458 4096
765274554 1024
765275578 512
765276090 256
765276346 128
765276474 4
765276478 1
765276479 1048576
766325055 65536
766390591 32768
766423359 16384
766439743 8192
766447935 4096
766452031 2048
766454079 1024
766455103 64
766455167 16
766455183 4
766455187 2
766455189 262144
766717333 65536
766782869 4096
766786965 2048
766789013 1024
766790037 512
766790549 128
766790677 8
766790685 4
766790689 2
766790691 1
766790692 1572864
768363556 16384
768379940 8192
768388132 4096
768392228 256
768392484 128
768392612 2
768392614 1
768392615 262144
768654759 131072
768785831 32768
768818599 16384
768834983 8192
768843175 1024
768844199 512
768844711 256
768844967 128
768845095 16
768845111 8
768845119 4
768845123 524288
769369411 32768
769402179 16384
769418563 4096
769422659 1024
769423683 256
769423939 128
769424067 8
769424075 1
769424076 524288
769948364 65536
770013900 16384
770030284 1024
770031308 512
770031820 16
770031836 4
770031840 2
770031842 1
770031843 65536
770097379 32768
770130147 16384
770146531 4096
770150627 32
770150659 16
770150675 1048576
771199251 131072
771330323 65536
771395859 16384
771412243 4096
771416339 2048
771418387 1024
771419411 128
771419539 32
771419571 16
771419587 2
771419589 262144
771681733 131072
771812805 16384
771829189 2048
771831237 64
771831301 4
771831305 1
771831306 1572864
773404170 16384
773420554 4096
773424650 2048
773426698 1024
773427722 512
773428234 64
773428298 16
773428314 4
773428318 2
773428320 1
773428321 1942023
775370344 524288
775894632 262144
776156776 131072
776287848 65536
776353384 4096
776357480 128
776357608 64
776357672 32
776357704 16
776357720 1
776357721 5262712
781620433 131072
781751505 65536
781817041 2048
781819089 128
781819217 64
781819281 16
781819297 8
781819305 4
781819309 1
781819310 3645959
785465269 4096
785469365 2048
785471413 128
785471541 64
785471605 32
785471637 16
785471653 1942023
787413676 262144
787675820 131072
787806892 32768
787839660 2048
787841708 256
787841964 128
787842092 32
787842124 16
787842140 4
787842144 2
787842146 1
787842147 1048576
788890723 262144
789152867 131072
789283939 65536
789349475 32768
789382243 2048
789384291 1024
789385315 512
789385827 256
789386083 64
789386147 32
789386179 16
789386195 1
789386196 1942023
791328219 1048576
792376795 65536
792442331 8192
792450523 4096
792454619 2048
792456667 1024
792457691 512
792458203 64
792458267 16
792458283 1942023
794400306 1048576
795448882 262144
795711026 131072
795842098 65536
795907634 4096
795911730 1024
795912754 256
795913010 64
795913074 32
795913106 16
795913122 4
795913126 2
795913128 524288
796437416 262144
796699560 65536
796765096 16384
796781480 8192
796789672 1024
796790696 512
796791208 256
796791464 4
796791468 2
796791470 1
796791471 1942023
798733494 1048576
799782070 262144
800044214 131072
800175286 65536
800240822 16384
800257206 512
800257718 128
800257846 64
800257910 8
800257918 4
800257922 131072
800388994 65536
800454530 32768
800487298 8192
800495490 2048
800497538 1024
800498562 512
800499074 128
800499202 32
800499234 4
800499238 1
800499239 1942023
802441262 524288
802965550 131072
803096622 65536
803162158 8192
803170350 2048
803172398 1024
803173422 512
803173934 256
803174190 128
803174318 32
803174350 16
803174366 8
803174374 4
803174378 1
803174379 5262712
808437091 262144
808699235 131072
808830307 65536
808895843 32768
808928611 4096
808932707 2048
808934755 1024
808935779 256
808936035 64
808936099 8
808936107 4
808936111 1
808936112 1942023
810878135 1048576
811926711 262144
812188855 65536
812254391 16384
812270775 2048
812272823 512
812273335 256
812273591 128
812273719 64
812273783 32
812273815 1
812273816 1572864
813846680 131072
813977752 32768
814010520 512
814011032 256
814011288 32
814011320 8
814011328 4
814011332 2
814011334 1
814011335 131072
814142407 1024
814143431 64
814143495 16
814143511 8
814143519 4
814143523 2
814143525 1
814143526 1942023
816085549 4096
816089645 512
816090157 256
816090413 128
816090541 64
816090605 16
816090621 4
816090625 1572864
817663489 131072
817794561 4096
817798657 128
817798785 64
817798849 8
817798857 7204735
825003592 262144
825265736 131072
825396808 65536
825462344 16384
825478728 4096
825482824 1024
825483848 128
825483976 16
825483992 8
825484000 4
825484004 2
825484006 1
825484007 3711495
829195502 16384
829211886 8192
829220078 2048
829222126 128
829222254 8
829222262 1942023
831164285 131072
831295357 65536
831360893 32768
831393661 8192
831401853 512
831402365 128
831402493 64
831402557 32
831402589 16
831402605 4
831402609 2
831402611 1
831402612 524288
831926900 262144
832189044 131072
832320116 65536
832385652 16384
832402036 8192
832410228 2048
832412276 1024
832413300 128
832413428 64
832413492 32
832413524 16
832413540 2
832413542 1
832413543 1048576
833462119 262144
833724263 32768
833757031 512
833757543 256
833757799 128
833757927 64
833757991 16
833758007 8
833758015 2
833758017 524288
834282305 262144
834544449 4096
834548545 512
834549057 256
834549313 64
834549377 16
834549393 1835008
836384401 16384
836400785 8192
836408977 4096
836413073 2048
836415121 256
836415377 64
836415441 1
836415442 1048576
837464018 131072
837595090 4096
837599186 1024
837600210 512
837600722 32
837600754 4
837600758 2
837600760 1942023
839542783 262144
839804927 131072
839935999 65536
840001535 8192
840009727 4096
840013823 1024
840014847 256
840015103 64
840015167 16
840015183 8
840015191 4
840015195 1
840015196 262144
840277340 32768
840310108 16384
840326492 4096
840330588 2048
840332636 1024
840333660 128
840333788 8
840333796 1
840333797 3746197
844079994 524288
844604282 262144
844866426 131072
844997498 32768
845030266 8192
845038458 2048
845040506 1024
845041530 512
845042042 128
845042170 64
845042234 32
845042266 2
845042268 262144
845304412 32768
845337180 16384
845353564 4096
845357660 1024
845358684 256
845358940 32
845358972 16
845358988 8
845358996 2
845358998 524288
845883286 262144
846145430 65536
846210966 8192
846219158 4096
846223254 2048
846225302 128
846225430 8
846225438 262144
846487582 32768
846520350 8192
846528542 4096
846532638 1024
846533662 512
846534174 64
846534238 16
846534254 4
846534258 1
846534259 1942023
848476282 524288
849000570 131072
849131642 65536
849197178 32768
849229946 8192
849238138 2048
849240186 256
849240442 64
849240506 32
849240538 8
849240546 524288
849764834 262144
850026978 16384
850043362 4096
850047458 2048
850049506 1024
850050530 512
850051042 128
850051170 64
850051234 16
850051250 2
850051252 524288
850575540 262144
850837684 65536
850903220 4096
850907316 128
850907444 64
850907508 16
850907524 4
850907528 1048576
851956104 262144
852218248 131072
852349320 32768
852382088 16384
852398472 4096
852402568 128
852402696 32
852402728 16
852402744 4
852402748 2
852402750 1
852402751 1048576
853451327 262144
853713471 131072
853844543 65536
853910079 16384
853926463 8192
853934655 4096
853938751 256
853939007 32
853939039 8
853939047 2
853939049 1
853939050 5262712
859201762 262144
859463906 131072
859594978 32768
859627746 4096
859631842 512
859632354 256
859632610 64
859632674 8
859632682 4
859632686 262144
859894830 65536
859960366 8192
859968558 512
859969070 128
859969198 32
859969230 16
859969246 262144
860231390 8192
860239582 256
860239838 128
860239966 8
860239974 4
860239978 2
860239980 1900544
862140524 16384
862156908 4096
862161004 2048
862163052 1024
862164076 512
862164588 256
862164844 64
862164908 16
862164924 4
862164928 2
862164930 131072
862296002 65536
862361538 512
862362050 64
862362114 32
862362146 8
862362154 4
862362158 1
862362159 524288
862886447 131072
863017519 32768
863050287 16384
863066671 8192
863074863 4096
863078959 2048
863081007 512
863081519 256
863081775 128
863081903 16
863081919 1
863081920 1942023
865023943 262144
865286087 131072
865417159 65536
865482695 4096
865486791 2048
865488839 1024
865489863 512
865490375 256
865490631 64
865490695 16
865490711 4
865490715 2
865490717 1
865490718 131072
865621790 65536
865687326 16384
865703710 8192
865711902 512
865712414 256
865712670 64
865712734 16
865712750 8
865712758 4
865712762 2
865712764 1
865712765 524288
866237053 32768
866269821 512
866270333 64
866270397 32
866270429 16
866270445 8
866270453 4
866270457 2
866270459 262144
866532603 131072
866663675 65536
866729211 16384
866745595 4096
866749691 2048
866751739 1024
866752763 2
866752765 1942023
868694788 524288
869219076 131072
869350148 65536
869415684 32768
869448452 16384
869464836 8192
869473028 4096
869477124 1024
869478148 256
869478404 128
869478532 8
869478540 4
869478544 262144
869740688 131072
869871760 32768
869904528 16384
869920912 8192
869929104 4096
869933200 2048
869935248 1024
869936272 512
869936784 64
869936848 32
869936880 16
869936896 8
869936904 4
869936908 1048576
870985484 262144
871247628 65536
871313164 32768
871345932 8192
871354124 256
871354380 32
871354412 4
871354416 32768
871387184 8192
871395376 1024
871396400 256
871396656 32
871396688 4
871396692 2
871396694 65536
871462230 8192
871470422 512
871470934 256
871471190 8
871471198 2
871471200 1048576
872519776 262144
872781920 131072
872912992 65536
872978528 32768
873011296 1024
873012320 512
873012832 256
873013088 32
873013120 16
873013136 4
873013140 1
873013141 131072
873144213 32768
873176981 8192
873185173 4096
873189269 512
873189781 256
873190037 64
873190101 32
873190133 16
873190149 8
873190157 2
873190159 1
873190160 3746197
876936357 65536
877001893 32768
877034661 8192
877042853 1024
877043877 64
877043941 16
877043957 8
877043965 4
877043969 2
877043971 1942023
878985994 524288
879510282 262144
879772426 65536
879837962 32768
879870730 2048
879872778 1024
879873802 128
879873930 16
879873946 1
879873947 65536
879939483 16384
879955867 2048
879957915 1024
879958939 256
879959195 128
879959323 32
879959355 16
879959371 8
879959379 4
879959383 1
879959384 3746197
883705581 262144
883967725 131072
884098797 65536
884164333 32768
884197101 16384
884213485 8192
884221677 2048
884223725 1024
884224749 256
884225005 32
884225037 16
884225053 8
884225061 2
884225063 65536
884290599 8192
884298791 2048
884300839 1024
884301863 128
884301991 64
884302055 32
884302087 8
884302095 2
884302097 1
884302098 3746197
888048295 524288
888572583 262144
888834727 131072
888965799 32768
888998567 2048
889000615 64
889000679 32
889000711 8
889000719 4
889000723 2
889000725 1
889000726 3746197
892746923 131072
892877995 32768
892910763 16384
892927147 4096
892931243 512
892931755 256
892932011 128
892932139 64
892932203 4
892932207 2
892932209 1
892932210 524288
893456498 262144
893718642 131072
893849714 65536
893915250 16384
893931634 512
893932146 256
893932402 128
893932530 32
893932562 4
893932566 2
893932568 1
893932569 524288
894456857 262144
894719001 131072
894850073 65536
894915609 16384
894931993 4096
894936089 2048
894938137 1024
894939161 64
894939225 16
894939241 2
894939243 65536
895004779 512
895005291 256
895005547 16
895005563 8
895005571 1942023
896947594 524288
897471882 262144
897734026 65536
897799562 32768
897832330 8192
897840522 2048
897842570 512
897843082 256
897843338 128
897843466 64
897843530 4
897843534 1
897843535 16384
897859919 8192
897868111 128
897868239 32
897868271 16
897868287 8
897868295 262144
898130439 8192
898138631 4096
898142727 512
898143239 256
898143495 128
898143623 16
898143639 8
898143647 131072
898274719 65536
898340255 32768
898373023 16384
898389407 8192
898397599 512
898398111 128
898398239 64
898398303 32
898398335 16
898398351 8
898398359 4
898398363 2
898398365 524288
898922653 262144
899184797 32768
899217565 4096
899221661 2048
899223709 1024
899224733 512
899225245 256
899225501 64
899225565 8
899225573 4
899225577 2
899225579 1
899225580 1048576
900274156 32768
900306924 128
900307052 64
900307116 32
900307148 8
900307156 2
900307158 1942023
902249181 1048576
903297757 262144
903559901 16384
903576285 8192
903584477 4096
903588573 2048
903590621 1024
903591645 256
903591901 32
